13,6677,11586,15838,31444,38113,38987,41391,45159,46288,2012,29,153,167,187,196,201,358,364,2370,493,632,816,957,1117,1378,1464,1466,1507,1697,2066,2135,2286,2819,3048,3095,15762,354,3683,514,592,996,25165,1682,1685,4011,4412,3219,3499,3582,3689,3766,17214,3902,4015,4118,4398,4542,4698,4760,4823,4931,5043,5116,5291,13610,5362,5457,5499,5502,3468,5774,6499,6728,1477,6836,2032,13178,7534,14221,21343,22107,28530,29131,29333,33888,33898,12570,40005,1476,42387,2933,3190,13295,546,2245,7712,25357,27427,31019,32845,2704,33496,2836,3971,5365,4866,6402,9065,6404,6898,7001,7094,7524,7844,7871,7893,8320,8556,8560,8686,8731,8767,8930,9148,9597,9957,10066,10229,10283,10302,10493,10764,11000,11222,11692,11825,12071,12135,12418,12471,13348,13802,14591,14851,15519,15642,15803,16355
Tiempos medidos: tiempoRelevance: 4687.325954, tiempoMrmr 660878.168106
Tiempos totales medidos: 665739.586115

13,6677,11586,15838,31444,38113,38987,41391,45159,46288,2012,29,153,167,187,196,201,358,364,2370,493,632,816,957,1117,1378,1464,1466,1507,1697,2066,2135,2286,2819,3048,3095,15762,354,3683,514,592,996,25165,1682,1685,4011,4412,3219,3499,3582,3689,3766,17214,3902,4015,4118,4398,4542,4698,4760,4823,4931,5043,5116,5291,13610,5362,5457,5499,5502,3468,5774,6499,6728,1477,6836,2032,13178,7534,14221,21343,22107,28530,29131,29333,33888,33898,12570,40005,1476,42387,2933,3190,13295,546,2245,7712,25357,27427,31019,32845,2704,33496,2836,3971,5365,4866,6402,9065,6404,6898,7001,7094,7524,7844,7871,7893,8320,8556,8560,8686,8731,8767,8930,9148,9597,9957,10066,10229,10283,10302,10493,10764,11000,11222,11692,11825,12071,12135,12418,12471,13348,13802,14591,14851,15519,15642,15803,16355
Tiempos medidos: tiempoRelevance: 4710.227013, tiempoMrmr 661731.414080
Tiempos totales medidos: 666614.962816

13,6677,11586,15838,31444,38113,38987,41391,45159,46288,2012,29,153,167,187,196,201,358,364,2370,493,632,816,957,1117,1378,1464,1466,1507,1697,2066,2135,2286,2819,3048,3095,15762,354,3683,514,592,996,25165,1682,1685,4011,4412,3219,3499,3582,3689,3766,17214,3902,4015,4118,4398,4542,4698,4760,4823,4931,5043,5116,5291,13610,5362,5457,5499,5502,3468,5774,6499,6728,1477,6836,2032,13178,7534,14221,21343,22107,28530,29131,29333,33888,33898,12570,40005,1476,42387,2933,3190,13295,546,2245,7712,25357,27427,31019,32845,2704,33496,2836,3971,5365,4866,6402,9065,6404,6898,7001,7094,7524,7844,7871,7893,8320,8556,8560,8686,8731,8767,8930,9148,9597,9957,10066,10229,10283,10302,10493,10764,11000,11222,11692,11825,12071,12135,12418,12471,13348,13802,14591,14851,15519,15642,15803,16355
Tiempos medidos: tiempoRelevance: 4695.240974, tiempoMrmr 661401.512146
Tiempos totales medidos: 666270.896912

