130,27,120,114,30,117,129,29,26,127,35,23,25,37,121,122,32,124,36,118,111,34,113,126,38,125,24,112,31,28,116,123,22,128,119,21,115,33,543,563,583,603,623,539,559,573,613,593,535
Tiempos medidos: tiempoRelevance: 32058.976889, tiempoMrmr 1485652.511120
Tiempos totales medidos: 1981787.055016

130,27,120,114,30,117,129,29,26,127,35,23,25,37,121,122,32,124,36,118,111,34,113,126,38,125,24,112,31,28,116,123,22,128,119,21,115,33,543,563,583,603,623,539,559,573,613,593,535,131,555,2,631,595,615,575,546,1,56,39,566,579,619,599,466,486,549,78,135,141,423,589,283,506,569,383,629,223,609,363,403,303,343,16,611,203,571,323,591,446,553,483,7,463,243,547,511,351,263
Tiempos medidos: tiempoRelevance: 31813.683033, tiempoMrmr 2855894.042969
Tiempos totales medidos: 3338932.903051

130,27,120,114,30,117,129,29,26,127,35,23,25,37,121,122,32,124,36,118,111,34,113,126,38,125,24,112,31,28,116,123,22,128,119,21,115,33,543,563,583,603,623,539,559,573,613,593,535,131,555,2,631,595,615,575,546,1,56,39,566,579,619,599,466,486,549,78,135,141,423,589,283,506,569,383,629,223,609,363,403,303,343,16,611,203,571,323,591,446,553,483,7,463,243,547,511,351,263,503,183,548,386,587,406,627,346,551,606,426,191,132,326,306,523,533,211,568,443,630,44,610,48,584,20,171,11,251,570,616,375,586,52,550,271,608,3,12,415,231,531,471,628,47,567,155,596,451,395,590,491,355,213,626,86,544,206,556,311,526,607,335,576,435,134,43,536,295,366,564,371,604,411,624,81,588,455,186,54,286,49,246,391,331,168,9,315,142,499,14,618,255,431,475,578,40,538,459,598
Tiempos medidos: tiempoRelevance: 32040.890932, tiempoMrmr 5356067.929983
Tiempos totales medidos: 5838727.643967

130,27,120,114,30,117,129,29,26,127,35,23,25,37,121,122,32,124,36,118,111,34,113,126,38,125,24,112,31,28,116,123,22,128,119,21,115,33,543,563,583,603,623,539,559,573,613,593,535
Tiempos medidos: tiempoRelevance: 31791.926146, tiempoMrmr 1537671.281099
Tiempos totales medidos: 2020949.651003

130,27,120,114,30,117,129,29,26,127,35,23,25,37,121,122,32,124,36,118,111,34,113,126,38,125,24,112,31,28,116,123,22,128,119,21,115,33,543,563,583,603,623,539,559,573,613,593,535,131,555,2,631,595,615,575,546,1,56,39,566,579,619,599,466,486,549,78,135,141,423,589,283,506,569,383,629,223,609,363,403,303,343,16,611,203,571,323,591,446,553,483,7,463,243,547,511,351,263
Tiempos medidos: tiempoRelevance: 31713.288069, tiempoMrmr 2979123.381853
Tiempos totales medidos: 3462434.430838

130,27,120,114,30,117,129,29,26,127,35,23,25,37,121,122,32,124,36,118,111,34,113,126,38,125,24,112,31,28,116,123,22,128,119,21,115,33,543,563,583,603,623,539,559,573,613,593,535,131,555,2,631,595,615,575,546,1,56,39,566,579,619,599,466,486,549,78,135,141,423,589,283,506,569,383,629,223,609,363,403,303,343,16,611,203,571,323,591,446,553,483,7,463,243,547,511,351,263,503,183,548,386,587,406,627,346,551,606,426,191,132,326,306,523,533,211,568,443,630,44,610,48,584,20,171,11,251,570,616,375,586,52,550,271,608,3,12,415,231,531,471,628,47,567,155,596,451,395,590,491,355,213,626,86,544,206,556,311,526,607,335,576,435,134,43,536,295,366,564,371,604,411,624,81,588,455,186,54,286,49,246,391,331,168,9,315,142,499,14,618,255,431,475,578,40,538,459,598
Tiempos medidos: tiempoRelevance: 31788.594961, tiempoMrmr 5540447.706938
Tiempos totales medidos: 6022537.796974

130,27,120,114,30,117,129,29,26,127,35,23,25,37,121,122,32,124,36,118,111,34,113,126,38,125,24,112,31,28,116,123,22,128,119,21,115,33,543,563,583,603,623,539,559,573,613,593,535
Tiempos medidos: tiempoRelevance: 32034.360886, tiempoMrmr 1471431.926966
Tiempos totales medidos: 1953893.914938

130,27,120,114,30,117,129,29,26,127,35,23,25,37,121,122,32,124,36,118,111,34,113,126,38,125,24,112,31,28,116,123,22,128,119,21,115,33,543,563,583,603,623,539,559,573,613,593,535,131,555,2,631,595,615,575,546,1,56,39,566,579,619,599,466,486,549,78,135,141,423,589,283,506,569,383,629,223,609,363,403,303,343,16,611,203,571,323,591,446,553,483,7,463,243,547,511,351,263
Tiempos medidos: tiempoRelevance: 31947.463036, tiempoMrmr 2898897.663832
Tiempos totales medidos: 3381317.250013

130,27,120,114,30,117,129,29,26,127,35,23,25,37,121,122,32,124,36,118,111,34,113,126,38,125,24,112,31,28,116,123,22,128,119,21,115,33,543,563,583,603,623,539,559,573,613,593,535,131,555,2,631,595,615,575,546,1,56,39,566,579,619,599,466,486,549,78,135,141,423,589,283,506,569,383,629,223,609,363,403,303,343,16,611,203,571,323,591,446,553,483,7,463,243,547,511,351,263,503,183,548,386,587,406,627,346,551,606,426,191,132,326,306,523,533,211,568,443,630,44,610,48,584,20,171,11,251,570,616,375,586,52,550,271,608,3,12,415,231,531,471,628,47,567,155,596,451,395,590,491,355,213,626,86,544,206,556,311,526,607,335,576,435,134,43,536,295,366,564,371,604,411,624,81,588,455,186,54,286,49,246,391,331,168,9,315,142,499,14,618,255,431,475,578,40,538,459,598
Tiempos medidos: tiempoRelevance: 32445.536852, tiempoMrmr 5425064.086914
Tiempos totales medidos: 5921821.941853

