Threads otorgados 3
Tiempos medidos: tiempoRelevance: 147.444963, tiempoMrmr 6363.929033
Tiempos totales medidos: 6840.229988
39488,47293,32049,16414,35100,36147,13328,29330,29955,9282,26610,29538,30334,44130,3186,20848,258,14076,1540,29866,36520,19743,41092,7872,2665,4772,28424,14475,1975,43660,18368,3882,892,13877,27909,3206,23450,38909,14316,32332,27758,25720,24908,10949,30974,22494,31727,44747,8718,
Threads otorgados 3
Tiempos medidos: tiempoRelevance: 145.455122, tiempoMrmr 12694.114923
Tiempos totales medidos: 13332.143068
39488,47293,32049,16414,36147,35100,13328,29330,29955,9282,26610,29538,30334,44130,3186,20848,258,14076,1540,29866,36520,19743,41092,7872,2665,4772,28424,14475,1975,43660,18368,3882,892,27909,13877,3206,23450,38909,14316,32332,27758,25720,24908,10949,30974,22494,31727,44747,8718,3527,19540,39604,30445,40304,44164,12370,9292,41608,33049,12713,39322,9855,16914,31062,14090,11293,44534,12258,24313,42798,38784,17770,24087,24497,16936,44694,3134,46299,18839,17827,20359,17563,18713,31626,24774,43220,6684,38120,33035,16515,21791,7902,33661,28891,38605,41405,30175,29800,18873,
Threads otorgados 3
Tiempos medidos: tiempoRelevance: 142.135143, tiempoMrmr 25722.997904
Tiempos totales medidos: 26142.913818
39488,47293,32049,16414,36147,35100,13328,29330,29955,9282,26610,29538,30334,44130,3186,20848,258,14076,1540,29866,36520,19743,41092,7872,2665,4772,28424,14475,1975,43660,18368,3882,892,13877,27909,3206,23450,38909,14316,32332,27758,25720,24908,10949,30974,22494,31727,44747,8718,3527,19540,39604,30445,40304,44164,12370,9292,41608,33049,12713,39322,9855,16914,31062,14090,11293,44534,12258,24313,42798,38784,17770,24087,24497,16936,44694,3134,46299,18839,17827,20359,18713,17563,31626,24774,43220,6684,38120,33035,16515,21791,7902,33661,28891,38605,41405,30175,29800,18873,7920,16444,350,41083,362,9858,26388,20218,20152,22961,6007,17211,41031,1300,25086,23933,24274,22005,3892,1125,42392,7940,37729,12526,40117,15624,2930,20646,41066,41758,21166,11646,40768,44422,11458,1047,30118,18622,30212,2942,32532,26778,44973,7449,3722,4050,16885,2732,329,42516,27295,7564,36535,15219,42973,45450,8281,3812,11340,3514,6231,3364,36729,34037,27970,44160,3284,29673,22229,44546,44330,26735,2649,22996,37206,10793,39219,1454,36539,2486,24751,19424,34446,20879,28002,18755,36631,1598,24658,40172,37785,21918,42627,28579,20497,15041,26502,15236,20917,22344,
Threads otorgados 3
Threads otorgados 3
Tiempos medidos: tiempoRelevance: 68.562031, tiempoMrmr 3188.945055
Tiempos totales medidos: 3594.032049
39488,47293,32049,16414,35100,36147,13328,29330,29955,9282,26610,29538,30334,44130,3186,20848,258,14076,1540,29866,36520,19743,41092,7872,2665,4772,28424,14475,1975,43660,18368,3882,892,13877,27909,3206,23450,38909,14316,32332,27758,25720,24908,10949,30974,22494,31727,44747,8718,
Threads otorgados 3
Threads otorgados 3
Tiempos medidos: tiempoRelevance: 68.562031, tiempoMrmr 6351.900816
Tiempos totales medidos: 6705.689907
39488,47293,32049,16414,35100,36147,13328,29330,29955,9282,26610,29538,30334,44130,3186,20848,258,14076,1540,29866,36520,19743,41092,7872,2665,4772,28424,14475,1975,43660,18368,3882,892,13877,27909,3206,23450,38909,14316,32332,27758,25720,24908,10949,30974,22494,31727,44747,8718,3527,19540,39604,30445,40304,44164,12370,9292,12713,41608,33049,39322,9855,16914,31062,14090,11293,44534,12258,24313,42798,38784,17770,24087,24497,16936,44694,3134,46299,18839,17827,20359,18713,17563,31626,24774,43220,6684,38120,33035,16515,21791,7902,33661,28891,38605,41405,30175,29800,18873,
Threads otorgados 3
Threads otorgados 3
Tiempos medidos: tiempoRelevance: 68.550825, tiempoMrmr 12897.222042
Tiempos totales medidos: 13307.796955
39488,47293,32049,16414,36147,35100,13328,29330,29955,9282,26610,29538,30334,44130,3186,20848,258,14076,1540,29866,36520,19743,41092,7872,2665,4772,28424,14475,1975,43660,18368,3882,892,13877,27909,3206,23450,38909,14316,32332,27758,25720,24908,10949,30974,22494,31727,44747,8718,3527,19540,39604,30445,40304,44164,12370,9292,12713,41608,33049,39322,9855,16914,31062,14090,11293,44534,12258,24313,42798,38784,17770,24087,24497,16936,44694,3134,46299,18839,17827,20359,17563,18713,31626,24774,43220,6684,38120,33035,16515,21791,7902,33661,28891,38605,41405,30175,29800,18873,7920,16444,350,41083,362,9858,26388,20218,20152,22961,6007,17211,41031,1300,25086,23933,24274,22005,3892,1125,42392,7940,37729,12526,40117,15624,2930,20646,41066,41758,21166,11646,40768,44422,11458,1047,30118,18622,30212,2942,32532,26778,44973,7449,3722,4050,16885,2732,329,42516,27295,7564,36535,15219,42973,45450,8281,3812,11340,3514,6231,3364,36729,34037,27970,44160,3284,29673,22229,44546,44330,26735,2649,22996,37206,10793,39219,1454,36539,2486,24751,19424,34446,20879,36631,18755,28002,1598,24658,40172,37785,21918,42627,28579,15041,20497,26502,15236,20917,22344,
Threads otorgados 3
Threads otorgados 3
Threads otorgados 3
Threads otorgados 3
Tiempos medidos: tiempoRelevance: 68.314075, tiempoMrmr 3191.146851
Tiempos totales medidos: 3521.502018
39488,47293,32049,16414,35100,36147,13328,29330,29955,9282,26610,29538,30334,44130,3186,20848,258,14076,1540,29866,36520,19743,41092,7872,2665,4772,28424,14475,1975,43660,18368,3882,892,13877,27909,3206,23450,38909,14316,32332,27758,25720,24908,10949,30974,22494,31727,44747,8718,
Threads otorgados 3
Threads otorgados 3
Threads otorgados 3
Threads otorgados 3
Tiempos medidos: tiempoRelevance: 68.344116, tiempoMrmr 6365.263939
Tiempos totales medidos: 6676.949978
39488,47293,32049,16414,35100,36147,13328,29330,29955,9282,26610,29538,30334,44130,3186,20848,258,14076,1540,29866,36520,19743,41092,7872,2665,4772,28424,14475,1975,43660,18368,3882,892,13877,27909,3206,23450,38909,14316,32332,27758,25720,24908,10949,30974,22494,31727,44747,8718,3527,19540,39604,30445,40304,44164,12370,9292,12713,41608,33049,39322,9855,16914,31062,14090,11293,44534,12258,24313,42798,38784,17770,24087,24497,16936,44694,3134,46299,18839,17827,20359,18713,17563,31626,24774,43220,6684,38120,33035,16515,21791,7902,33661,28891,38605,41405,30175,29800,18873,
Threads otorgados 3
Threads otorgados 3
Threads otorgados 3
Threads otorgados 3
Tiempos medidos: tiempoRelevance: 68.305016, tiempoMrmr 12901.715040
Tiempos totales medidos: 13228.525162
39488,47293,32049,16414,35100,36147,13328,29330,29955,9282,26610,29538,30334,44130,3186,20848,258,14076,1540,29866,36520,19743,41092,7872,2665,4772,28424,14475,1975,43660,18368,3882,892,13877,27909,3206,23450,38909,14316,32332,27758,25720,24908,10949,30974,22494,31727,44747,8718,3527,19540,39604,30445,40304,44164,12370,9292,12713,41608,33049,39322,9855,16914,31062,14090,11293,44534,12258,24313,42798,38784,17770,24087,24497,16936,44694,3134,46299,18839,17827,20359,17563,18713,31626,24774,43220,6684,38120,33035,16515,21791,7902,33661,28891,38605,41405,30175,29800,18873,7920,16444,350,41083,362,9858,26388,20218,20152,22961,6007,17211,41031,1300,25086,23933,24274,22005,3892,1125,42392,7940,37729,12526,40117,15624,2930,20646,41066,41758,21166,11646,40768,44422,11458,1047,30118,18622,30212,2942,32532,26778,44973,7449,3722,4050,16885,2732,329,42516,27295,7564,36535,15219,42973,45450,8281,3812,11340,3514,6231,3364,36729,34037,27970,44160,3284,29673,22229,44546,44330,26735,2649,22996,37206,10793,39219,1454,36539,2486,24751,19424,34446,20879,28002,18755,36631,1598,24658,40172,37785,21918,42627,28579,15041,20497,26502,15236,20917,22344,
Threads otorgados 3
Threads otorgados 3
Threads otorgados 3
Threads otorgados 3
Threads otorgados 3
Threads otorgados 3
Tiempos medidos: tiempoRelevance: 68.357944, tiempoMrmr 3195.601940
Tiempos totales medidos: 3481.339931
39488,47293,32049,16414,35100,36147,13328,29330,29955,9282,26610,29538,30334,44130,3186,20848,258,14076,1540,29866,36520,19743,41092,7872,2665,4772,28424,14475,1975,43660,18368,3882,892,13877,27909,3206,23450,38909,14316,32332,27758,25720,24908,10949,30974,22494,31727,44747,8718,
Threads otorgados 3
Threads otorgados 3
Threads otorgados 3
Threads otorgados 3
Threads otorgados 3
Threads otorgados 3
Tiempos medidos: tiempoRelevance: 68.308115, tiempoMrmr 6364.157915
Tiempos totales medidos: 6660.733938
39488,47293,32049,16414,35100,36147,13328,29330,29955,9282,26610,29538,30334,44130,3186,20848,258,14076,1540,29866,36520,19743,41092,7872,2665,4772,28424,14475,1975,43660,18368,3882,892,13877,27909,3206,23450,38909,14316,32332,27758,25720,24908,10949,30974,22494,31727,44747,8718,3527,19540,39604,30445,40304,44164,12370,9292,12713,41608,33049,39322,9855,16914,31062,14090,11293,44534,12258,24313,42798,38784,17770,24087,24497,16936,44694,3134,46299,18839,17827,20359,18713,17563,31626,24774,43220,6684,38120,33035,16515,21791,7902,33661,28891,38605,41405,30175,29800,18873,
Threads otorgados 3
Threads otorgados 3
Threads otorgados 3
Threads otorgados 3
Threads otorgados 3
Threads otorgados 3
Tiempos medidos: tiempoRelevance: 68.383932, tiempoMrmr 12921.066999
Tiempos totales medidos: 13228.910923
39488,47293,32049,16414,35100,36147,13328,29330,29955,9282,26610,29538,30334,44130,3186,20848,258,14076,1540,29866,36520,19743,41092,7872,2665,4772,28424,14475,1975,43660,18368,3882,892,13877,27909,3206,23450,38909,14316,32332,27758,25720,24908,10949,30974,22494,31727,44747,8718,3527,19540,39604,30445,40304,44164,12370,9292,12713,41608,33049,39322,9855,16914,31062,14090,11293,44534,12258,24313,42798,38784,17770,24087,24497,16936,44694,3134,46299,18839,17827,20359,18713,17563,31626,24774,43220,6684,38120,33035,16515,21791,7902,33661,28891,38605,41405,30175,29800,18873,7920,16444,350,41083,362,9858,26388,20218,20152,22961,6007,17211,41031,1300,25086,23933,24274,22005,3892,1125,42392,7940,37729,12526,40117,15624,2930,20646,41066,41758,21166,11646,40768,44422,11458,1047,30118,18622,30212,2942,32532,26778,44973,7449,3722,4050,16885,2732,329,42516,27295,7564,36535,15219,42973,45450,8281,3812,11340,3514,6231,3364,36729,34037,27970,44160,3284,29673,22229,44546,44330,26735,2649,22996,37206,10793,39219,1454,36539,2486,24751,19424,34446,20879,28002,18755,36631,1598,24658,40172,37785,21918,42627,28579,15041,20497,26502,15236,20917,22344,
Threads otorgados 3
Threads otorgados 3
Threads otorgados 3
Threads otorgados 3
Threads otorgados 3
Threads otorgados 3
Threads otorgados 3
Threads otorgados 3
Threads otorgados 3
Threads otorgados 3
Threads otorgados 3
Threads otorgados 3
Tiempos medidos: tiempoRelevance: 68.198919, tiempoMrmr 3196.218014
Tiempos totales medidos: 3495.316982
39488,47293,32049,16414,35100,36147,13328,29330,29955,9282,26610,29538,30334,44130,3186,20848,258,14076,1540,29866,36520,19743,41092,7872,2665,4772,28424,14475,1975,43660,18368,3882,892,13877,27909,3206,23450,38909,14316,32332,27758,25720,24908,10949,30974,22494,31727,44747,8718,
Threads otorgados 3
Threads otorgados 3
Threads otorgados 3
Threads otorgados 3
Threads otorgados 3
Threads otorgados 3
Threads otorgados 3
Threads otorgados 3
Threads otorgados 3
Threads otorgados 3
Threads otorgados 3
Threads otorgados 3
Tiempos medidos: tiempoRelevance: 68.295956, tiempoMrmr 6360.714912
Tiempos totales medidos: 6646.145105
39488,47293,32049,16414,35100,36147,13328,29330,29955,9282,26610,29538,30334,44130,3186,20848,258,14076,1540,29866,36520,19743,41092,7872,2665,4772,28424,14475,1975,43660,18368,3882,892,13877,27909,3206,23450,38909,14316,32332,27758,25720,24908,10949,30974,22494,31727,44747,8718,3527,19540,39604,30445,40304,44164,12370,9292,12713,41608,33049,39322,9855,16914,31062,14090,11293,44534,12258,24313,42798,38784,17770,24087,24497,16936,44694,3134,46299,18839,17827,20359,18713,17563,31626,24774,43220,6684,38120,33035,16515,21791,7902,33661,28891,38605,41405,30175,29800,18873,
Threads otorgados 3
Threads otorgados 3
Threads otorgados 3
Threads otorgados 3
Threads otorgados 3
Threads otorgados 3
Threads otorgados 3
Threads otorgados 3
Threads otorgados 3
Threads otorgados 3
Threads otorgados 3
Threads otorgados 3
Tiempos medidos: tiempoRelevance: 68.235159, tiempoMrmr 12949.158907
Tiempos totales medidos: 13251.457930
39488,47293,32049,16414,35100,36147,13328,29330,29955,9282,26610,29538,30334,44130,3186,20848,258,14076,1540,29866,36520,19743,41092,7872,2665,4772,28424,14475,1975,43660,18368,3882,892,13877,27909,3206,23450,38909,14316,32332,27758,25720,24908,10949,30974,22494,31727,44747,8718,3527,19540,39604,30445,40304,44164,12370,9292,12713,41608,33049,39322,9855,16914,31062,14090,11293,44534,12258,24313,42798,38784,17770,24087,24497,16936,44694,3134,46299,18839,17827,20359,17563,18713,31626,24774,43220,6684,38120,33035,16515,21791,7902,33661,28891,38605,41405,30175,29800,18873,7920,16444,350,41083,362,9858,26388,20218,20152,22961,6007,17211,41031,1300,25086,23933,24274,22005,3892,1125,42392,7940,37729,12526,40117,15624,2930,20646,41066,41758,21166,11646,40768,44422,11458,1047,30118,18622,30212,2942,32532,26778,44973,7449,3722,4050,16885,2732,329,42516,27295,7564,36535,15219,42973,45450,8281,3812,11340,3514,6231,3364,36729,34037,27970,44160,3284,29673,22229,44546,44330,26735,2649,22996,37206,10793,39219,1454,36539,2486,24751,19424,34446,20879,28002,18755,36631,1598,24658,40172,37785,21918,42627,28579,15041,20497,26502,15236,20917,22344,
Threads otorgados 3
Threads otorgados 3
Threads otorgados 3
Threads otorgados 3
Threads otorgados 3
Threads otorgados 3
Threads otorgados 3
Threads otorgados 3
Threads otorgados 3
Threads otorgados 3
Threads otorgados 3
Threads otorgados 3
Threads otorgados 3
Threads otorgados 3
Threads otorgados 3
Threads otorgados 3
Threads otorgados 3
Threads otorgados 3
Threads otorgados 3
Threads otorgados 3
Threads otorgados 3
Threads otorgados 3
Threads otorgados 3
Threads otorgados 3
Tiempos medidos: tiempoRelevance: 67.938805, tiempoMrmr 3200.161934
Tiempos totales medidos: 3483.700037
39488,47293,32049,16414,35100,36147,13328,29330,29955,9282,26610,29538,30334,44130,3186,20848,258,14076,1540,29866,36520,19743,41092,7872,2665,4772,28424,14475,1975,43660,18368,3882,892,13877,27909,3206,23450,38909,14316,32332,27758,25720,24908,10949,30974,22494,31727,44747,8718,
Threads otorgados 3
Threads otorgados 3
Threads otorgados 3
Threads otorgados 3
Threads otorgados 3
Threads otorgados 3
Threads otorgados 3
Threads otorgados 3
Threads otorgados 3
Threads otorgados 3
Threads otorgados 3
Threads otorgados 3
Threads otorgados 3
Threads otorgados 3
Threads otorgados 3
Threads otorgados 3
Threads otorgados 3
Threads otorgados 3
Threads otorgados 3
Threads otorgados 3
Threads otorgados 3
Threads otorgados 3
Threads otorgados 3
Threads otorgados 3
Tiempos medidos: tiempoRelevance: 67.910910, tiempoMrmr 6385.082960
Tiempos totales medidos: 6664.874077
39488,47293,32049,16414,35100,36147,13328,29330,29955,9282,26610,29538,30334,44130,3186,20848,258,14076,1540,29866,36520,19743,41092,7872,2665,4772,28424,14475,1975,43660,18368,3882,892,13877,27909,3206,23450,38909,14316,32332,27758,25720,24908,10949,30974,22494,31727,44747,8718,3527,19540,39604,30445,40304,44164,12370,9292,12713,41608,33049,39322,9855,16914,31062,14090,11293,44534,12258,24313,42798,38784,17770,24087,24497,16936,44694,3134,46299,18839,17827,20359,17563,18713,31626,24774,43220,6684,38120,33035,16515,21791,7902,33661,28891,38605,41405,30175,29800,18873,
Threads otorgados 3
Threads otorgados 3
Threads otorgados 3
Threads otorgados 3
Threads otorgados 3
Threads otorgados 3
Threads otorgados 3
Threads otorgados 3
Threads otorgados 3
Threads otorgados 3
Threads otorgados 3
Threads otorgados 3
Threads otorgados 3
Threads otorgados 3
Threads otorgados 3
Threads otorgados 3
Threads otorgados 3
Threads otorgados 3
Threads otorgados 3
Threads otorgados 3
Threads otorgados 3
Threads otorgados 3
Threads otorgados 3
Threads otorgados 3
Tiempos medidos: tiempoRelevance: 67.944050, tiempoMrmr 13026.351929
Tiempos totales medidos: 13333.527088
39488,47293,32049,16414,35100,36147,13328,29330,29955,9282,26610,29538,30334,44130,3186,20848,258,14076,1540,29866,36520,19743,41092,7872,2665,4772,28424,14475,1975,43660,18368,3882,892,13877,27909,3206,23450,38909,14316,32332,27758,25720,24908,10949,30974,22494,31727,44747,8718,3527,19540,39604,30445,40304,44164,12370,9292,12713,41608,33049,39322,9855,16914,31062,14090,11293,44534,12258,24313,42798,38784,17770,24087,24497,16936,44694,3134,46299,18839,17827,20359,17563,18713,31626,24774,43220,6684,38120,33035,16515,21791,7902,33661,28891,38605,41405,30175,29800,18873,7920,16444,350,41083,362,9858,26388,20218,20152,22961,6007,17211,41031,1300,25086,23933,24274,22005,3892,1125,42392,7940,37729,12526,40117,15624,2930,20646,41066,41758,21166,11646,40768,44422,11458,1047,30118,18622,30212,2942,32532,26778,44973,7449,3722,4050,16885,2732,329,42516,27295,7564,36535,15219,42973,45450,8281,3812,11340,3514,6231,3364,36729,34037,27970,44160,3284,29673,22229,44546,44330,26735,2649,22996,37206,10793,39219,1454,36539,2486,24751,19424,34446,20879,28002,18755,36631,1598,24658,40172,37785,21918,42627,28579,15041,20497,26502,15236,20917,22344,
