Tiempos medidos: tiempoRelevance: 145.470142, tiempoMrmr 6422.964096
Tiempos totales medidos: 7106.431007
39488,47293,32049,16414,36147,35100,13328,29330,29955,9282,26610,29538,30334,44130,3186,20848,258,14076,1540,29866,36520,19743,41092,7872,2665,4772,28424,14475,1975,43660,18368,3882,892,27909,13877,3206,23450,38909,14316,32332,27758,25720,24908,10949,30974,22494,31727,44747,8718,
Tiempos medidos: tiempoRelevance: 147.289991, tiempoMrmr 12812.175989
Tiempos totales medidos: 13235.934019
39488,47293,32049,16414,36147,35100,13328,29330,29955,9282,26610,29538,30334,44130,3186,20848,258,14076,1540,29866,36520,19743,41092,7872,2665,4772,28424,14475,1975,43660,18368,3882,892,27909,13877,3206,23450,38909,14316,32332,27758,25720,24908,10949,30974,22494,31727,44747,8718,3527,19540,39604,30445,40304,44164,12370,9292,12713,41608,33049,39322,9855,16914,31062,14090,11293,44534,12258,24313,42798,38784,17770,24087,24497,16936,44694,3134,46299,18839,17827,20359,17563,18713,31626,24774,43220,6684,38120,33035,16515,21791,7902,33661,28891,38605,41405,30175,29800,18873,
Tiempos medidos: tiempoRelevance: 146.986961, tiempoMrmr 25947.252035
Tiempos totales medidos: 26433.003187
39488,47293,32049,16414,35100,36147,13328,29330,29955,9282,26610,29538,30334,44130,3186,20848,258,14076,1540,29866,36520,19743,41092,7872,2665,4772,28424,14475,1975,43660,18368,3882,892,27909,13877,3206,23450,38909,14316,32332,27758,25720,24908,10949,30974,22494,31727,44747,8718,3527,19540,39604,30445,40304,44164,12370,9292,12713,41608,33049,39322,9855,16914,31062,14090,11293,44534,12258,24313,42798,38784,17770,24087,24497,16936,44694,3134,46299,18839,17827,20359,17563,18713,31626,24774,43220,6684,38120,33035,16515,21791,7902,33661,28891,38605,41405,30175,29800,18873,7920,16444,350,41083,362,9858,26388,20218,20152,22961,6007,17211,41031,1300,25086,23933,24274,22005,3892,1125,42392,7940,37729,12526,40117,15624,2930,20646,41066,41758,21166,11646,40768,44422,11458,1047,30118,18622,30212,2942,32532,26778,44973,7449,3722,4050,16885,2732,329,42516,27295,7564,36535,15219,42973,45450,8281,3812,11340,3514,6231,3364,36729,34037,27970,44160,3284,29673,22229,44546,44330,26735,2649,22996,37206,10793,39219,1454,36539,2486,24751,19424,34446,20879,28002,18755,36631,1598,24658,40172,37785,21918,42627,28579,20497,15041,26502,15236,20917,22344,
Tiempos medidos: tiempoRelevance: 69.438934, tiempoMrmr 3237.031937
Tiempos totales medidos: 3658.507824
39488,47293,32049,16414,35100,36147,13328,29330,29955,9282,26610,29538,30334,44130,3186,20848,258,14076,1540,29866,36520,19743,41092,7872,2665,4772,28424,14475,1975,43660,18368,3882,892,13877,27909,3206,23450,38909,14316,32332,27758,25720,24908,10949,30974,22494,31727,44747,8718,
Tiempos medidos: tiempoRelevance: 69.480181, tiempoMrmr 6456.636190
Tiempos totales medidos: 6875.738859
39488,47293,32049,16414,35100,36147,13328,29330,29955,9282,26610,29538,30334,44130,3186,20848,258,14076,1540,29866,36520,19743,41092,7872,2665,4772,28424,14475,1975,43660,18368,3882,892,13877,27909,3206,23450,38909,14316,32332,27758,25720,24908,10949,30974,22494,31727,44747,8718,3527,19540,39604,30445,40304,44164,12370,9292,12713,41608,33049,39322,9855,16914,31062,14090,11293,44534,12258,24313,42798,38784,17770,24087,24497,16936,44694,3134,46299,18839,17827,20359,17563,18713,31626,24774,43220,6684,38120,33035,16515,21791,7902,33661,28891,38605,41405,30175,29800,18873,
Tiempos medidos: tiempoRelevance: 69.438934, tiempoMrmr 13207.798004
Tiempos totales medidos: 13518.022060
39488,47293,32049,16414,35100,36147,13328,29330,29955,9282,26610,29538,30334,44130,3186,20848,258,14076,1540,29866,36520,19743,41092,7872,2665,4772,28424,14475,1975,43660,18368,3882,892,13877,27909,3206,23450,38909,14316,32332,27758,25720,24908,10949,30974,22494,31727,44747,8718,3527,19540,39604,30445,40304,44164,12370,9292,12713,41608,33049,39322,9855,16914,31062,14090,11293,44534,12258,24313,42798,38784,17770,24087,24497,16936,44694,3134,46299,18839,17827,20359,17563,18713,31626,24774,43220,6684,38120,33035,16515,21791,7902,33661,28891,38605,41405,30175,29800,18873,7920,16444,350,41083,362,9858,26388,20218,20152,22961,6007,17211,41031,1300,25086,23933,24274,22005,3892,1125,42392,7940,37729,12526,40117,15624,2930,20646,41066,41758,21166,11646,40768,44422,11458,1047,30118,18622,30212,2942,32532,26778,44973,7449,3722,4050,16885,2732,329,42516,27295,7564,36535,15219,42973,45450,8281,3812,11340,3514,6231,3364,36729,34037,27970,44160,3284,29673,22229,44546,44330,26735,2649,22996,37206,10793,39219,1454,36539,2486,24751,19424,34446,20879,36631,18755,28002,1598,24658,40172,37785,21918,42627,28579,15041,20497,26502,15236,20917,22344,
Tiempos medidos: tiempoRelevance: 69.329023, tiempoMrmr 3243.510008
Tiempos totales medidos: 3576.525927
39488,47293,32049,16414,35100,36147,13328,29330,29955,9282,26610,29538,30334,44130,3186,20848,258,14076,1540,29866,36520,19743,41092,7872,2665,4772,28424,14475,1975,43660,18368,3882,892,13877,27909,3206,23450,38909,14316,32332,27758,25720,24908,10949,30974,22494,31727,44747,8718,
Tiempos medidos: tiempoRelevance: 71.048975, tiempoMrmr 6469.297886
Tiempos totales medidos: 6804.419994
39488,47293,32049,16414,35100,36147,13328,29330,29955,9282,26610,29538,30334,44130,3186,20848,258,14076,1540,29866,36520,19743,41092,7872,2665,4772,28424,14475,1975,43660,18368,3882,892,13877,27909,3206,23450,38909,14316,32332,27758,25720,24908,10949,30974,22494,31727,44747,8718,3527,19540,39604,30445,40304,44164,12370,9292,12713,41608,33049,39322,9855,16914,31062,14090,11293,44534,12258,24313,42798,38784,17770,24087,24497,16936,44694,3134,46299,18839,17827,20359,17563,18713,31626,24774,43220,6684,38120,33035,16515,21791,7902,33661,28891,38605,41405,30175,29800,18873,
Tiempos medidos: tiempoRelevance: 69.412947, tiempoMrmr 13106.474876
Tiempos totales medidos: 13412.611961
39488,47293,32049,16414,35100,36147,13328,29330,29955,9282,26610,29538,30334,44130,3186,20848,258,14076,1540,29866,36520,19743,41092,7872,2665,4772,28424,14475,1975,43660,18368,3882,892,13877,27909,3206,23450,38909,14316,32332,27758,25720,24908,10949,30974,22494,31727,44747,8718,3527,19540,39604,30445,40304,44164,12370,9292,12713,41608,33049,39322,9855,16914,31062,14090,11293,44534,12258,24313,42798,38784,17770,24087,24497,16936,44694,3134,46299,18839,17827,20359,17563,18713,31626,24774,43220,6684,38120,33035,16515,21791,7902,33661,28891,38605,41405,30175,29800,18873,7920,16444,350,41083,362,9858,26388,20218,20152,22961,6007,17211,41031,1300,25086,23933,24274,22005,3892,1125,42392,7940,37729,12526,40117,15624,2930,20646,41066,41758,21166,11646,40768,44422,11458,1047,30118,18622,30212,2942,32532,26778,44973,7449,3722,4050,16885,2732,329,42516,27295,7564,36535,15219,42973,45450,8281,3812,11340,3514,6231,3364,36729,34037,27970,44160,3284,29673,22229,44546,44330,26735,2649,22996,37206,10793,39219,1454,36539,2486,24751,19424,34446,20879,28002,18755,36631,1598,24658,40172,37785,21918,42627,28579,20497,15041,26502,15236,20917,22344,
Tiempos medidos: tiempoRelevance: 69.167852, tiempoMrmr 3243.137121
Tiempos totales medidos: 3552.232027
39488,47293,32049,16414,35100,36147,13328,29330,29955,9282,26610,29538,30334,44130,3186,20848,258,14076,1540,29866,36520,19743,41092,7872,2665,4772,28424,14475,1975,43660,18368,3882,892,13877,27909,3206,23450,38909,14316,32332,27758,25720,24908,10949,30974,22494,31727,44747,8718,
Tiempos medidos: tiempoRelevance: 69.259882, tiempoMrmr 6545.500040
Tiempos totales medidos: 6852.262974
39488,47293,32049,16414,36147,35100,13328,29330,29955,9282,26610,29538,30334,44130,3186,20848,258,14076,1540,29866,36520,19743,41092,7872,2665,4772,28424,14475,1975,43660,18368,3882,892,13877,27909,3206,23450,38909,14316,32332,27758,25720,24908,10949,30974,22494,31727,44747,8718,3527,19540,39604,30445,40304,44164,12370,9292,12713,41608,33049,39322,9855,16914,31062,14090,11293,44534,12258,24313,42798,38784,17770,24087,24497,16936,44694,3134,46299,18839,17827,20359,17563,18713,31626,24774,43220,6684,38120,33035,16515,21791,7902,33661,28891,38605,41405,30175,29800,18873,
Tiempos medidos: tiempoRelevance: 70.723772, tiempoMrmr 13115.528822
Tiempos totales medidos: 13418.325186
39488,47293,32049,16414,36147,35100,13328,29330,29955,9282,26610,29538,30334,44130,3186,20848,258,14076,1540,29866,36520,19743,41092,7872,2665,4772,28424,14475,1975,43660,18368,3882,892,13877,27909,3206,23450,38909,14316,32332,27758,25720,24908,10949,30974,22494,31727,44747,8718,3527,19540,39604,30445,40304,44164,12370,9292,12713,41608,33049,39322,9855,16914,31062,14090,11293,44534,12258,24313,42798,38784,17770,24087,24497,16936,44694,3134,46299,18839,17827,20359,17563,18713,31626,24774,43220,6684,38120,33035,16515,21791,7902,33661,28891,38605,41405,30175,29800,18873,7920,16444,350,41083,362,9858,26388,20218,20152,22961,6007,17211,41031,1300,25086,23933,24274,22005,3892,1125,42392,7940,37729,12526,40117,15624,2930,20646,41066,41758,21166,11646,40768,44422,11458,1047,30118,18622,30212,2942,32532,26778,44973,7449,3722,4050,16885,2732,329,42516,27295,7564,36535,15219,42973,45450,8281,3812,11340,3514,6231,3364,36729,34037,27970,44160,3284,29673,22229,44546,44330,26735,2649,22996,37206,10793,39219,1454,36539,2486,24751,19424,34446,20879,28002,18755,36631,1598,24658,40172,37785,21918,42627,28579,15041,20497,26502,15236,20917,22344,
Tiempos medidos: tiempoRelevance: 69.097042, tiempoMrmr 3271.466017
Tiempos totales medidos: 3554.893970
39488,47293,32049,16414,35100,36147,13328,29330,29955,9282,26610,29538,30334,44130,3186,20848,258,14076,1540,29866,36520,19743,41092,7872,2665,4772,28424,14475,1975,43660,18368,3882,892,13877,27909,3206,23450,38909,14316,32332,27758,25720,24908,10949,30974,22494,31727,44747,8718,
Tiempos medidos: tiempoRelevance: 69.082022, tiempoMrmr 6455.973864
Tiempos totales medidos: 6737.496138
39488,47293,32049,16414,35100,36147,13328,29330,29955,9282,26610,29538,30334,44130,3186,20848,258,14076,1540,29866,36520,19743,41092,7872,2665,4772,28424,14475,1975,43660,18368,3882,892,13877,27909,3206,23450,38909,14316,32332,27758,25720,24908,10949,30974,22494,31727,44747,8718,3527,19540,39604,30445,40304,44164,12370,9292,12713,41608,33049,39322,9855,16914,31062,14090,11293,44534,12258,24313,42798,38784,17770,24087,24497,16936,44694,3134,46299,18839,17827,20359,17563,18713,31626,24774,43220,6684,38120,33035,16515,21791,7902,33661,28891,38605,41405,30175,29800,18873,
Tiempos medidos: tiempoRelevance: 69.039822, tiempoMrmr 13085.989952
Tiempos totales medidos: 13383.124113
39488,47293,32049,16414,35100,36147,13328,29330,29955,9282,26610,29538,30334,44130,3186,20848,258,14076,1540,29866,36520,19743,41092,7872,2665,4772,28424,14475,1975,43660,18368,3882,892,13877,27909,3206,23450,38909,14316,32332,27758,25720,24908,10949,30974,22494,31727,44747,8718,3527,19540,39604,30445,40304,44164,12370,9292,12713,41608,33049,39322,9855,16914,31062,14090,11293,44534,12258,24313,42798,38784,17770,24087,24497,16936,44694,3134,46299,18839,17827,20359,17563,18713,31626,24774,43220,6684,38120,33035,16515,21791,7902,33661,28891,38605,41405,30175,29800,18873,7920,16444,350,41083,362,9858,26388,20218,20152,22961,6007,17211,41031,1300,25086,23933,24274,22005,3892,1125,42392,7940,37729,12526,40117,15624,2930,20646,41066,41758,21166,11646,40768,44422,11458,1047,30118,18622,30212,2942,32532,26778,44973,7449,3722,4050,16885,2732,329,42516,27295,7564,36535,15219,42973,45450,8281,3812,11340,3514,6231,3364,36729,34037,27970,44160,3284,29673,22229,44546,44330,26735,2649,22996,37206,10793,39219,1454,36539,2486,24751,19424,34446,20879,28002,18755,36631,1598,24658,40172,37785,21918,42627,28579,15041,20497,26502,15236,20917,22344,
Tiempos medidos: tiempoRelevance: 67.996025, tiempoMrmr 3206.153870
Tiempos totales medidos: 3490.356922
39488,47293,32049,16414,35100,36147,13328,29330,29955,9282,26610,29538,30334,44130,3186,20848,258,14076,1540,29866,36520,19743,41092,7872,2665,4772,28424,14475,1975,43660,18368,3882,892,13877,27909,3206,23450,38909,14316,32332,27758,25720,24908,10949,30974,22494,31727,44747,8718,
Tiempos medidos: tiempoRelevance: 68.075180, tiempoMrmr 6394.311905
Tiempos totales medidos: 6675.051928
39488,47293,32049,16414,35100,36147,13328,29330,29955,9282,26610,29538,30334,44130,3186,20848,258,14076,1540,29866,36520,19743,41092,7872,2665,4772,28424,14475,1975,43660,18368,3882,892,13877,27909,3206,23450,38909,14316,32332,27758,25720,24908,10949,30974,22494,31727,44747,8718,3527,19540,39604,30445,40304,44164,12370,9292,12713,41608,33049,39322,9855,16914,31062,14090,11293,44534,12258,24313,42798,38784,17770,24087,24497,16936,44694,3134,46299,18839,17827,20359,17563,18713,31626,24774,43220,6684,38120,33035,16515,21791,7902,33661,28891,38605,41405,30175,29800,18873,
Tiempos medidos: tiempoRelevance: 68.063021, tiempoMrmr 12977.838039
Tiempos totales medidos: 13257.315874
39488,47293,32049,16414,35100,36147,13328,29330,29955,9282,26610,29538,30334,44130,3186,20848,258,14076,1540,29866,36520,19743,41092,7872,2665,4772,28424,14475,1975,43660,18368,3882,892,13877,27909,3206,23450,38909,14316,32332,27758,25720,24908,10949,30974,22494,31727,44747,8718,3527,19540,39604,30445,40304,44164,12370,9292,12713,41608,33049,39322,9855,16914,31062,14090,11293,44534,12258,24313,42798,38784,17770,24087,24497,16936,44694,3134,46299,18839,17827,20359,17563,18713,31626,24774,43220,6684,38120,33035,16515,21791,7902,33661,28891,38605,41405,30175,29800,18873,7920,16444,350,41083,362,9858,26388,20218,20152,22961,6007,17211,41031,1300,25086,23933,24274,22005,3892,1125,42392,7940,37729,12526,40117,15624,2930,20646,41066,41758,21166,11646,40768,44422,11458,1047,30118,18622,30212,2942,32532,26778,44973,7449,3722,4050,16885,2732,329,42516,27295,7564,36535,15219,42973,45450,8281,3812,11340,3514,6231,3364,36729,34037,27970,44160,3284,29673,22229,44546,44330,26735,2649,22996,37206,10793,39219,1454,36539,2486,24751,19424,34446,20879,28002,18755,36631,1598,24658,40172,37785,21918,42627,28579,15041,20497,26502,15236,20917,22344,
