Tiempos medidos: tiempoRelevance: 145.167112, tiempoMrmr 6385.026932
Tiempos totales medidos: 6851.311922
39488,47293,32049,16414,36147,35100,13328,29330,29955,9282,26610,29538,30334,44130,3186,20848,258,14076,1540,29866,36520,19743,41092,7872,2665,4772,28424,14475,1975,43660,18368,3882,892,13877,27909,3206,23450,38909,14316,32332,27758,25720,24908,10949,30974,22494,31727,44747,8718,
Tiempos medidos: tiempoRelevance: 143.191814, tiempoMrmr 12724.771023
Tiempos totales medidos: 13162.220955
39488,47293,32049,16414,35100,36147,13328,29330,29955,9282,26610,29538,30334,44130,3186,20848,258,14076,1540,29866,36520,19743,41092,7872,2665,4772,28424,14475,1975,43660,18368,3882,892,27909,13877,3206,23450,38909,14316,32332,27758,25720,24908,10949,30974,22494,31727,44747,8718,3527,19540,39604,30445,40304,44164,12370,9292,12713,41608,33049,39322,9855,16914,31062,14090,11293,44534,12258,24313,42798,38784,17770,24087,24497,16936,44694,3134,46299,18839,17827,20359,17563,18713,31626,24774,43220,6684,38120,33035,16515,21791,7902,33661,28891,38605,41405,30175,29800,18873,
Tiempos medidos: tiempoRelevance: 145.093918, tiempoMrmr 25784.028053
Tiempos totales medidos: 26214.247942
39488,47293,32049,16414,36147,35100,13328,29330,29955,9282,26610,29538,30334,44130,3186,20848,258,14076,1540,29866,36520,19743,41092,7872,2665,4772,28424,14475,1975,43660,18368,3882,892,13877,27909,3206,23450,38909,14316,32332,27758,25720,24908,10949,30974,22494,31727,44747,8718,3527,19540,39604,30445,40304,44164,12370,9292,12713,41608,33049,39322,9855,16914,31062,14090,11293,44534,12258,24313,42798,38784,17770,24087,24497,16936,44694,3134,46299,18839,17827,20359,17563,18713,31626,24774,43220,6684,38120,33035,16515,21791,7902,33661,28891,38605,41405,30175,29800,18873,7920,16444,350,41083,362,9858,26388,20218,20152,22961,6007,17211,41031,1300,25086,23933,24274,22005,3892,1125,42392,7940,37729,12526,40117,15624,2930,20646,41066,41758,21166,11646,40768,44422,11458,1047,30118,18622,30212,2942,32532,26778,44973,7449,3722,4050,16885,2732,329,42516,27295,7564,36535,15219,42973,45450,8281,3812,11340,3514,6231,3364,36729,34037,27970,44160,3284,29673,22229,44546,44330,26735,2649,22996,37206,10793,39219,1454,36539,2486,24751,19424,34446,20879,36631,42627,24658,28002,26502,37785,40172,28579,21918,1598,23895,20497,15041,15236,20917,22344,
Tiempos medidos: tiempoRelevance: 68.967819, tiempoMrmr 3197.996140
Tiempos totales medidos: 3508.111000
39488,47293,32049,16414,36147,35100,13328,29330,29955,9282,26610,29538,30334,44130,3186,20848,258,14076,1540,29866,36520,19743,41092,7872,2665,4772,28424,14475,1975,43660,18368,3882,892,13877,27909,3206,23450,38909,14316,32332,27758,25720,24908,10949,30974,22494,31727,44747,8718,
Tiempos medidos: tiempoRelevance: 68.761110, tiempoMrmr 6439.094067
Tiempos totales medidos: 6858.176947
39488,47293,32049,16414,35100,36147,13328,29330,29955,9282,26610,29538,30334,44130,3186,20848,258,14076,1540,29866,36520,19743,41092,7872,2665,4772,28424,14475,1975,43660,18368,3882,892,13877,27909,3206,23450,38909,14316,32332,27758,25720,24908,10949,30974,22494,31727,44747,8718,3527,19540,39604,30445,40304,44164,12370,9292,12713,41608,33049,39322,9855,16914,31062,14090,11293,44534,12258,24313,42798,38784,17770,24087,24497,16936,44694,3134,46299,18839,17827,20359,17563,18713,31626,24774,43220,6684,38120,33035,16515,21791,7902,33661,28891,38605,41405,30175,29800,18873,
Tiempos medidos: tiempoRelevance: 69.662094, tiempoMrmr 12942.648888
Tiempos totales medidos: 13308.237076
39488,47293,32049,16414,36147,35100,13328,29330,29955,9282,26610,29538,30334,44130,3186,20848,258,14076,1540,29866,36520,19743,41092,7872,2665,4772,28424,14475,1975,43660,18368,3882,892,13877,27909,3206,23450,38909,14316,32332,27758,25720,24908,10949,30974,22494,31727,44747,8718,3527,19540,39604,30445,40304,44164,12370,9292,12713,41608,33049,39322,9855,16914,31062,14090,11293,44534,12258,24313,42798,38784,17770,24087,24497,16936,44694,3134,46299,18839,17827,20359,18713,17563,31626,24774,43220,6684,38120,33035,16515,21791,7902,33661,28891,38605,41405,30175,29800,18873,7920,16444,350,41083,362,9858,26388,20218,20152,22961,6007,17211,41031,1300,25086,23933,24274,22005,3892,1125,42392,7940,37729,12526,40117,15624,2930,20646,41066,41758,21166,11646,40768,44422,11458,1047,30118,18622,30212,2942,32532,26778,44973,7449,3722,4050,16885,2732,329,42516,27295,7564,36535,15219,42973,45450,8281,3812,11340,3514,6231,3364,36729,34037,27970,44160,3284,29673,22229,44546,44330,26735,2649,22996,37206,10793,39219,1454,36539,2486,24751,19424,34446,20879,28002,18755,36631,1598,24658,40172,37785,21918,42627,28579,15041,20497,26502,15236,20917,22344,
Tiempos medidos: tiempoRelevance: 68.533182, tiempoMrmr 3200.418949
Tiempos totales medidos: 3508.053064
39488,47293,32049,16414,35100,36147,13328,29330,29955,9282,26610,29538,30334,44130,3186,20848,258,14076,1540,29866,36520,19743,41092,7872,2665,4772,28424,14475,1975,43660,18368,3882,892,13877,27909,3206,23450,38909,14316,32332,27758,25720,24908,10949,30974,22494,31727,44747,8718,
Tiempos medidos: tiempoRelevance: 68.493128, tiempoMrmr 6383.322001
Tiempos totales medidos: 6715.699196
39488,47293,32049,16414,35100,36147,13328,29330,29955,9282,26610,29538,30334,44130,3186,20848,258,14076,1540,29866,36520,19743,41092,7872,2665,4772,28424,14475,1975,43660,18368,3882,892,13877,27909,3206,23450,38909,14316,32332,27758,25720,24908,10949,30974,22494,31727,44747,8718,3527,19540,39604,30445,40304,44164,12370,9292,12713,41608,33049,39322,9855,16914,31062,14090,11293,44534,12258,24313,42798,38784,17770,24087,24497,16936,44694,3134,46299,18839,17827,20359,18713,17563,31626,24774,43220,6684,38120,33035,16515,21791,7902,33661,28891,38605,41405,30175,29800,18873,
Tiempos medidos: tiempoRelevance: 68.513870, tiempoMrmr 13038.799047
Tiempos totales medidos: 13346.057177
39488,47293,32049,16414,35100,36147,13328,29330,29955,9282,26610,29538,30334,44130,3186,20848,258,14076,1540,29866,36520,19743,41092,7872,2665,4772,28424,14475,1975,43660,18368,3882,892,13877,27909,3206,23450,38909,14316,32332,27758,25720,24908,10949,30974,22494,31727,44747,8718,3527,19540,39604,30445,40304,44164,12370,9292,12713,41608,33049,39322,9855,16914,31062,14090,11293,44534,12258,24313,42798,38784,17770,24087,24497,16936,44694,3134,46299,18839,17827,20359,18713,17563,31626,24774,43220,6684,38120,33035,16515,21791,7902,33661,28891,38605,41405,30175,29800,18873,7920,16444,350,41083,362,9858,26388,20218,20152,22961,6007,17211,41031,1300,25086,23933,24274,22005,3892,1125,42392,7940,37729,12526,40117,15624,2930,20646,41066,41758,21166,11646,40768,44422,11458,1047,30118,18622,30212,2942,32532,26778,44973,7449,3722,4050,16885,2732,329,42516,27295,7564,36535,15219,42973,45450,8281,3812,11340,3514,6231,3364,36729,34037,27970,44160,3284,29673,22229,44546,44330,26735,2649,22996,37206,10793,39219,1454,36539,2486,24751,19424,34446,20879,28002,18755,36631,1598,24658,40172,37785,21918,42627,28579,20497,15041,26502,15236,20917,22344,
Tiempos medidos: tiempoRelevance: 68.509102, tiempoMrmr 3201.449871
Tiempos totales medidos: 3500.526190
39488,47293,32049,16414,35100,36147,13328,29330,29955,9282,26610,29538,30334,44130,3186,20848,258,14076,1540,29866,36520,19743,41092,7872,2665,4772,28424,14475,1975,43660,18368,3882,892,13877,27909,3206,23450,38909,14316,32332,27758,25720,24908,10949,30974,22494,31727,44747,8718,
Tiempos medidos: tiempoRelevance: 68.485022, tiempoMrmr 6386.152029
Tiempos totales medidos: 6681.177139
39488,47293,32049,16414,35100,36147,13328,29330,29955,9282,26610,29538,30334,44130,3186,20848,258,14076,1540,29866,36520,19743,41092,7872,2665,4772,28424,14475,1975,43660,18368,3882,892,13877,27909,3206,23450,38909,14316,32332,27758,25720,24908,10949,30974,22494,31727,44747,8718,3527,19540,39604,30445,40304,44164,12370,9292,12713,41608,33049,39322,9855,16914,31062,14090,11293,44534,12258,24313,42798,38784,17770,24087,24497,16936,44694,3134,46299,18839,17827,20359,17563,18713,31626,24774,43220,6684,38120,33035,16515,21791,7902,33661,28891,38605,41405,30175,29800,18873,
Tiempos medidos: tiempoRelevance: 68.512917, tiempoMrmr 12936.948061
Tiempos totales medidos: 13241.907835
39488,47293,32049,16414,35100,36147,13328,29330,29955,9282,26610,29538,30334,44130,3186,20848,258,14076,1540,29866,36520,19743,41092,7872,2665,4772,28424,14475,1975,43660,18368,3882,892,13877,27909,3206,23450,38909,14316,32332,27758,25720,24908,10949,30974,22494,31727,44747,8718,3527,19540,39604,30445,40304,44164,12370,9292,12713,41608,33049,39322,9855,16914,31062,14090,11293,44534,12258,24313,42798,38784,17770,24087,24497,16936,44694,3134,46299,18839,17827,20359,17563,18713,31626,24774,43220,6684,38120,33035,16515,21791,7902,33661,28891,38605,41405,30175,29800,18873,7920,16444,350,41083,362,9858,26388,20218,20152,22961,6007,17211,41031,1300,25086,23933,24274,22005,3892,1125,42392,7940,37729,12526,40117,15624,2930,20646,41066,41758,21166,11646,40768,44422,11458,1047,30118,18622,30212,2942,32532,26778,44973,7449,3722,4050,16885,2732,329,42516,27295,7564,36535,15219,42973,45450,8281,3812,11340,3514,6231,3364,36729,34037,27970,44160,3284,29673,22229,44546,44330,26735,2649,22996,37206,10793,39219,1454,36539,2486,24751,19424,34446,20879,28002,18755,36631,1598,24658,40172,37785,21918,42627,28579,15041,20497,26502,15236,20917,22344,
Tiempos medidos: tiempoRelevance: 68.467855, tiempoMrmr 3204.812050
Tiempos totales medidos: 3501.113892
39488,47293,32049,16414,35100,36147,13328,29330,29955,9282,26610,29538,30334,44130,3186,20848,258,14076,1540,29866,36520,19743,41092,7872,2665,4772,28424,14475,1975,43660,18368,3882,892,13877,27909,3206,23450,38909,14316,32332,27758,25720,24908,10949,30974,22494,31727,44747,8718,
Tiempos medidos: tiempoRelevance: 68.362951, tiempoMrmr 6382.724047
Tiempos totales medidos: 6680.436850
39488,47293,32049,16414,35100,36147,13328,29330,29955,9282,26610,29538,30334,44130,3186,20848,258,14076,1540,29866,36520,19743,41092,7872,2665,4772,28424,14475,1975,43660,18368,3882,892,13877,27909,3206,23450,38909,14316,32332,27758,25720,24908,10949,30974,22494,31727,44747,8718,3527,19540,39604,30445,40304,44164,12370,9292,12713,41608,33049,39322,9855,16914,31062,14090,11293,44534,12258,24313,42798,38784,17770,24087,24497,16936,44694,3134,46299,18839,17827,20359,18713,17563,31626,24774,43220,6684,38120,33035,16515,21791,7902,33661,28891,38605,41405,30175,29800,18873,
Tiempos medidos: tiempoRelevance: 68.300009, tiempoMrmr 12937.645912
Tiempos totales medidos: 13222.090006
39488,47293,32049,16414,35100,36147,13328,29330,29955,9282,26610,29538,30334,44130,3186,20848,258,14076,1540,29866,36520,19743,41092,7872,2665,4772,28424,14475,1975,43660,18368,3882,892,13877,27909,3206,23450,38909,14316,32332,27758,25720,24908,10949,30974,22494,31727,44747,8718,3527,19540,39604,30445,40304,44164,12370,9292,12713,41608,33049,39322,9855,16914,31062,14090,11293,44534,12258,24313,42798,38784,17770,24087,24497,16936,44694,3134,46299,18839,17827,20359,17563,18713,31626,24774,43220,6684,38120,33035,16515,21791,7902,33661,28891,38605,41405,30175,29800,18873,7920,16444,350,41083,362,9858,26388,20218,20152,22961,6007,17211,41031,1300,25086,23933,24274,22005,3892,1125,42392,7940,37729,12526,40117,15624,2930,20646,41066,41758,21166,11646,40768,44422,11458,1047,30118,18622,30212,2942,32532,26778,44973,7449,3722,4050,16885,2732,329,42516,27295,7564,36535,15219,42973,45450,8281,3812,11340,3514,6231,3364,36729,34037,27970,44160,3284,29673,22229,44546,44330,26735,2649,22996,37206,10793,39219,1454,36539,2486,24751,19424,34446,20879,28002,18755,36631,1598,24658,40172,37785,21918,42627,28579,15041,20497,26502,15236,20917,22344,
Tiempos medidos: tiempoRelevance: 68.429947, tiempoMrmr 3206.665993
Tiempos totales medidos: 3490.983963
39488,47293,32049,16414,35100,36147,13328,29330,29955,9282,26610,29538,30334,44130,3186,20848,258,14076,1540,29866,36520,19743,41092,7872,2665,4772,28424,14475,1975,43660,18368,3882,892,13877,27909,3206,23450,38909,14316,32332,27758,25720,24908,10949,30974,22494,31727,44747,8718,
Tiempos medidos: tiempoRelevance: 67.981005, tiempoMrmr 6391.512871
Tiempos totales medidos: 6671.842813
39488,47293,32049,16414,35100,36147,13328,29330,29955,9282,26610,29538,30334,44130,3186,20848,258,14076,1540,29866,36520,19743,41092,7872,2665,4772,28424,14475,1975,43660,18368,3882,892,13877,27909,3206,23450,38909,14316,32332,27758,25720,24908,10949,30974,22494,31727,44747,8718,3527,19540,39604,30445,40304,44164,12370,9292,12713,41608,33049,39322,9855,16914,31062,14090,11293,44534,12258,24313,42798,38784,17770,24087,24497,16936,44694,3134,46299,18839,17827,20359,17563,18713,31626,24774,43220,6684,38120,33035,16515,21791,7902,33661,28891,38605,41405,30175,29800,18873,
Tiempos medidos: tiempoRelevance: 68.037033, tiempoMrmr 12977.158070
Tiempos totales medidos: 13258.764029
39488,47293,32049,16414,35100,36147,13328,29330,29955,9282,26610,29538,30334,44130,3186,20848,258,14076,1540,29866,36520,19743,41092,7872,2665,4772,28424,14475,1975,43660,18368,3882,892,13877,27909,3206,23450,38909,14316,32332,27758,25720,24908,10949,30974,22494,31727,44747,8718,3527,19540,39604,30445,40304,44164,12370,9292,12713,41608,33049,39322,9855,16914,31062,14090,11293,44534,12258,24313,42798,38784,17770,24087,24497,16936,44694,3134,46299,18839,17827,20359,17563,18713,31626,24774,43220,6684,38120,33035,16515,21791,7902,33661,28891,38605,41405,30175,29800,18873,7920,16444,350,41083,362,9858,26388,20218,20152,22961,6007,17211,41031,1300,25086,23933,24274,22005,3892,1125,42392,7940,37729,12526,40117,15624,2930,20646,41066,41758,21166,11646,40768,44422,11458,1047,30118,18622,30212,2942,32532,26778,44973,7449,3722,4050,16885,2732,329,42516,27295,7564,36535,15219,42973,45450,8281,3812,11340,3514,6231,3364,36729,34037,27970,44160,3284,29673,22229,44546,44330,26735,2649,22996,37206,10793,39219,1454,36539,2486,24751,19424,34446,20879,28002,18755,36631,1598,24658,40172,37785,21918,42627,28579,15041,20497,26502,15236,20917,22344,
