13,6677,11586,15838,31444,38113,38987,41391,45159,46288,2012,29,153,167,187,196,201,358,364,2370,493,632,816,957,1117,1378,1464,1466,1507,1697,2066,2135,2286,2819,3048,3095,15762,354,3683,514,592,996,25165,1682,1685,4011,4412,3219,3499,3582,3689,3766,17214,3902,4015,4118,4398,4542,4698,4760,4823,4931,5043,5116,5291,13610,5362,5457,5499,5502,3468,5774,6499,6728,1477,6836,2032,13178,7534,14221,21343,22107,28530,29131,29333,33888,33898,12570,40005,1476,42387,2933,3190,13295,546,2245,7712,25357,27427
Tiempos medidos: tiempoRelevance: 4697.695017, tiempoMrmr 435468.482971

13,6677,11586,15838,31444,38113,38987,41391,45159,46288,2012,29,153,167,187,196,201,358,364,2370,493,632,816,957,1117,1378,1464,1466,1507,1697,2066,2135,2286,2819,3048,3095,15762,354,3683,514,592,996,25165,1682,1685,4011,4412,3219,3499,3582,3689,3766,17214,3902,4015,4118,4398,4542,4698,4760,4823,4931,5043,5116,5291,13610,5362,5457,5499,5502,3468,5774,6499,6728,1477,6836,2032,13178,7534,14221,21343,22107,28530,29131,29333,33888,33898,12570,40005,1476,42387,2933,3190,13295,546,2245,7712,25357,27427
Tiempos medidos: tiempoRelevance: 4723.834991, tiempoMrmr 436030.284166

13,6677,11586,15838,31444,38113,38987,41391,45159,46288,2012,29,153,167,187,196,201,358,364,2370,493,632,816,957,1117,1378,1464,1466,1507,1697,2066,2135,2286,2819,3048,3095,15762,354,3683,514,592,996,25165,1682,1685,4011,4412,3219,3499,3582,3689,3766,17214,3902,4015,4118,4398,4542,4698,4760,4823,4931,5043,5116,5291,13610,5362,5457,5499,5502,3468,5774,6499,6728,1477,6836,2032,13178,7534,14221,21343,22107,28530,29131,29333,33888,33898,12570,40005,1476,42387,2933,3190,13295,546,2245,7712,25357,27427
Tiempos medidos: tiempoRelevance: 4759.876013, tiempoMrmr 435691.219807

13,6677,11586,15838,31444,38113,38987,41391,45159,46288,2012,29,153,167,187,196,201,358,364,2370,493,632,816,957,1117,1378,1464,1466,1507,1697,2066,2135,2286,2819,3048,3095,15762,354,3683,514,592,996,25165,1682,1685,4011,4412,3219,3499,3582,3689,3766,17214,3902,4015,4118,4398,4542,4698,4760,4823,4931,5043,5116,5291,13610,5362,5457,5499,5502,3468,5774,6499,6728,1477,6836,2032,13178,7534,14221,21343,22107,28530,29131,29333,33888,33898,12570,40005,1476,42387,2933,3190,13295,546,2245,7712,25357,27427
Tiempos medidos: tiempoRelevance: 4740.573883, tiempoMrmr 436778.311968

13,6677,11586,15838,31444,38113,38987,41391,45159,46288,2012,29,153,167,187,196,201,358,364,2370,493,632,816,957,1117,1378,1464,1466,1507,1697,2066,2135,2286,2819,3048,3095,15762,354,3683,514,592,996,25165,1682,1685,4011,4412,3219,3499,3582,3689,3766,17214,3902,4015,4118,4398,4542,4698,4760,4823,4931,5043,5116,5291,13610,5362,5457,5499,5502,3468,5774,6499,6728,1477,6836,2032,13178,7534,14221,21343,22107,28530,29131,29333,33888,33898,12570,40005,1476,42387,2933,3190,13295,546,2245,7712,25357,27427
Tiempos medidos: tiempoRelevance: 4713.250875, tiempoMrmr 435133.460999

13,6677,11586,15838,31444,38113,38987,41391,45159,46288,2012,29,153,167,187,196,201,358,364,2370,493,632,816,957,1117,1378,1464,1466,1507,1697,2066,2135,2286,2819,3048,3095,15762,354,3683,514,592,996,25165,1682,1685,4011,4412,3219,3499,3582,3689,3766,17214,3902,4015,4118,4398,4542,4698,4760,4823,4931,5043,5116,5291,13610,5362,5457,5499,5502,3468,5774,6499,6728,1477,6836,2032,13178,7534,14221,21343,22107,28530,29131,29333,33888,33898,12570,40005,1476,42387,2933,3190,13295,546,2245,7712,25357,27427
Tiempos medidos: tiempoRelevance: 4696.457148, tiempoMrmr 435838.294029

13,6677,11586,15838,31444,38113,38987,41391,45159,46288,2012,29,153,167,187,196,201,358,364,2370,493,632,816,957,1117,1378,1464,1466,1507,1697,2066,2135,2286,2819,3048,3095,15762,354,3683,514,592,996,25165,1682,1685,4011,4412,3219,3499,3582,3689,3766,17214,3902,4015,4118,4398,4542,4698,4760,4823,4931,5043,5116,5291,13610,5362,5457,5499,5502,3468,5774,6499,6728,1477,6836,2032,13178,7534,14221,21343,22107,28530,29131,29333,33888,33898,12570,40005,1476,42387,2933,3190,13295,546,2245,7712,25357,27427
Tiempos medidos: tiempoRelevance: 4706.147909, tiempoMrmr 436468.970776

13,6677,11586,15838,31444,38113,38987,41391,45159,46288,2012,29,153,167,187,196,201,358,364,2370,493,632,816,957,1117,1378,1464,1466,1507,1697,2066,2135,2286,2819,3048,3095,15762,354,3683,514,592,996,25165,1682,1685,4011,4412,3219,3499,3582,3689,3766,17214,3902,4015,4118,4398,4542,4698,4760,4823,4931,5043,5116,5291,13610,5362,5457,5499,5502,3468,5774,6499,6728,1477,6836,2032,13178,7534,14221,21343,22107,28530,29131,29333,33888,33898,12570,40005,1476,42387,2933,3190,13295,546,2245,7712,25357,27427
Tiempos medidos: tiempoRelevance: 4761.617184, tiempoMrmr 435127.389908

13,6677,11586,15838,31444,38113,38987,41391,45159,46288,2012,29,153,167,187,196,201,358,364,2370,493,632,816,957,1117,1378,1464,1466,1507,1697,2066,2135,2286,2819,3048,3095,15762,354,3683,514,592,996,25165,1682,1685,4011,4412,3219,3499,3582,3689,3766,17214,3902,4015,4118,4398,4542,4698,4760,4823,4931,5043,5116,5291,13610,5362,5457,5499,5502,3468,5774,6499,6728,1477,6836,2032,13178,7534,14221,21343,22107,28530,29131,29333,33888,33898,12570,40005,1476,42387,2933,3190,13295,546,2245,7712,25357,27427
Tiempos medidos: tiempoRelevance: 4734.011173, tiempoMrmr 435543.380022

13,6677,11586,15838,31444,38113,38987,41391,45159,46288,2012,29,153,167,187,196,201,358,364,2370,493,632,816,957,1117,1378,1464,1466,1507,1697,2066,2135,2286,2819,3048,3095,15762,354,3683,514,592,996,25165,1682,1685,4011,4412,3219,3499,3582,3689,3766,17214,3902,4015,4118,4398,4542,4698,4760,4823,4931,5043,5116,5291,13610,5362,5457,5499,5502,3468,5774,6499,6728,1477,6836,2032,13178,7534,14221,21343,22107,28530,29131,29333,33888,33898,12570,40005,1476,42387,2933,3190,13295,546,2245,7712,25357,27427
Tiempos medidos: tiempoRelevance: 4767.702103, tiempoMrmr 436953.541040

