13,6677,11586,15838,31444,38113,38987,41391,45159,46288,2012,29,153,167,201,187,196,358,364,2370,493,632,816,957,1117,1378,1464,1466,1507,1697,2066,2135,2286,2819,3048,3095,15762,354,3683,514,592,996,25165,1682,1685,4011,4412,3219,3499,3582,3689,3766,17214,3902,4015,4118,4398,4542,4698,4760,4823,4931,5043,5116,5291,13610,5362,5457,5502,5499,3468,5774,6499,6728,1477,6836,2032,13178,7534,14221,21343,22107,28530,29131,29333,33888,33898,12570,40005,1476,42387,2933,3190,13295,546,2245,7712,25357,27427
Tiempos medidos: tiempoRelevance: 1289.402008, tiempoMrmr 112644.795179
Tiempos totales medidos: 114428.963900

13,6677,11586,15838,31444,38113,38987,41391,45159,46288,2012,29,153,167,187,201,196,358,364,2370,493,632,816,957,1117,1378,1464,1466,1507,1697,2066,2135,2286,2819,3048,3095,15762,354,3683,514,592,996,25165,1682,1685,4011,4412,3219,3499,3582,3689,3766,17214,3902,4015,4118,4398,4542,4698,4760,4823,4931,5043,5116,5291,13610,5362,5457,5502,5499,3468,5774,6499,6728,1477,6836,2032,13178,7534,14221,21343,22107,28530,29131,29333,33888,33898,12570,40005,1476,42387,2933,3190,13295,546,2245,7712,25357,27427
Tiempos medidos: tiempoRelevance: 1266.726971, tiempoMrmr 119341.207027
Tiempos totales medidos: 121264.065027

13,6677,11586,15838,31444,38113,38987,41391,45159,46288,2012,29,153,167,201,196,187,358,364,2370,493,632,816,957,1117,1378,1464,1466,1507,1697,2066,2135,2286,2819,3048,3095,15762,354,3683,514,592,996,25165,1682,1685,4011,4412,3219,3499,3582,3689,3766,17214,3902,4015,4118,4398,4542,4698,4760,4823,4931,5043,5116,5291,13610,5362,5457,5502,5499,3468,5774,6499,6728,1477,6836,2032,13178,7534,14221,21343,22107,28530,29131,29333,33888,33898,12570,40005,1476,42387,2933,3190,13295,546,2245,7712,25357,27427
Tiempos medidos: tiempoRelevance: 1292.451143, tiempoMrmr 117355.082989
Tiempos totales medidos: 119145.220041

