Tiempos medidos: tiempoRelevance: 271.970987, tiempoMrmr 35738.011837
Tiempos totales medidos: 69277.256012
819,1,1867,650,995,1390,101,1698,316,937,1520,148,704,855,469,1195,1401,236,1795,1061,831,167,710,218,958,1452,1818,1826,1087,344,452,756,830,1199,58,274,1338,408,1905,1439,665,286,920,1563,383,431,1052,277,1933,
Tiempos medidos: tiempoRelevance: 259.188890, tiempoMrmr 71699.214935
Tiempos totales medidos: 131174.504995
819,1,1867,650,995,1390,101,1698,316,937,1520,148,704,855,469,1195,1401,236,1795,1061,831,167,710,218,958,1452,1818,1826,1087,344,452,756,830,1199,58,274,1338,408,1905,1439,665,286,920,1563,383,431,1052,277,1933,1327,696,1966,1028,485,12,498,740,108,1816,932,1923,1069,414,790,681,888,1293,666,381,691,1618,918,1198,652,1965,1612,1274,1279,508,1574,385,879,1787,333,722,319,950,405,1608,1151,1459,1838,1954,1135,543,1639,244,746,80,
Tiempos medidos: tiempoRelevance: 275.506973, tiempoMrmr 143777.156830
Tiempos totales medidos: 204055.305004
819,1,1867,650,995,1390,101,1698,316,937,1520,148,704,855,469,1195,1401,236,1795,1061,831,167,710,218,958,1452,1818,1826,1087,344,452,756,830,1199,58,274,1338,408,1905,1439,665,286,920,1563,383,431,1052,277,1933,1327,696,1966,1028,485,12,498,740,108,1816,932,1923,1069,414,790,681,888,1293,666,381,691,1618,918,1198,652,1965,1612,1274,1279,508,1574,385,879,1787,333,722,319,950,405,1608,1151,1459,1838,1954,1135,543,1639,244,746,80,1551,1662,1295,1217,74,1032,1849,131,741,526,861,305,1351,1261,1319,215,1960,1037,1133,1403,1420,10,1956,549,828,582,802,868,1807,100,226,1937,1457,299,699,1330,146,801,560,1370,1614,1723,213,1211,979,1469,891,1815,893,267,1736,1961,176,545,1317,496,826,300,375,1333,1357,171,1884,680,400,917,221,26,1611,1731,85,1067,75,779,156,1392,624,742,1589,309,1617,1418,1653,579,49,1331,1209,564,829,807,1983,658,1507,68,925,787,1220,1677,1919,731,
Tiempos medidos: tiempoRelevance: 131.994009, tiempoMrmr 13854.830980
Tiempos totales medidos: 41988.824129
819,1,1867,650,995,1390,101,1698,316,937,1520,148,704,855,469,1195,1401,236,1795,1061,831,167,710,218,958,1452,1818,1826,1087,344,452,756,830,1199,58,274,1338,408,1905,1439,665,286,920,1563,383,431,1052,277,1933,
Tiempos medidos: tiempoRelevance: 131.475925, tiempoMrmr 28361.665964
Tiempos totales medidos: 56491.675854
819,1,1867,650,995,1390,101,1698,316,937,1520,148,704,855,469,1195,1401,236,1795,1061,831,167,710,218,958,1452,1818,1826,1087,344,452,756,830,1199,58,274,1338,408,1905,1439,665,286,920,1563,383,431,1052,277,1933,1327,696,1966,1028,485,12,498,740,108,1816,932,1923,1069,414,790,681,888,1293,666,381,691,1618,918,1198,652,1965,1612,1274,1279,508,1574,385,879,1787,333,722,319,950,405,1608,1151,1459,1838,1954,1135,543,1639,244,746,80,
Tiempos medidos: tiempoRelevance: 132.635117, tiempoMrmr 56630.696058
Tiempos totales medidos: 97527.877092
819,1,1867,650,995,1390,101,1698,316,937,1520,148,704,855,469,1195,1401,236,1795,1061,831,167,710,218,958,1452,1818,1826,1087,344,452,756,830,1199,58,274,1338,408,1905,1439,665,286,920,1563,383,431,1052,277,1933,1327,696,1966,1028,485,12,498,740,108,1816,932,1923,1069,414,790,681,888,1293,666,381,691,1618,918,1198,652,1965,1612,1274,1279,508,1574,385,879,1787,333,722,319,950,405,1608,1151,1459,1838,1954,1135,543,1639,244,746,80,1551,1662,1295,1217,74,1032,1849,131,741,526,861,305,1351,1261,1319,215,1960,1037,1133,1403,1420,10,1956,549,828,582,802,868,1807,100,226,1937,1457,299,699,1330,146,801,560,1370,1614,1723,213,1211,979,1469,891,1815,893,267,1736,1961,176,545,1317,496,826,300,375,1333,1357,171,1884,680,400,917,221,26,1611,1731,85,1067,75,779,156,1392,624,742,1589,309,1617,1418,1653,579,49,1331,1209,564,829,807,1983,658,1507,68,925,787,1220,1677,1919,731,
Tiempos medidos: tiempoRelevance: 116.533995, tiempoMrmr 12068.711996
Tiempos totales medidos: 39081.793070
819,1,1867,650,995,1390,101,1698,316,937,1520,148,704,855,469,1195,1401,236,1795,1061,831,167,710,218,958,1452,1818,1826,1087,344,452,756,830,1199,58,274,1338,408,1905,1439,665,286,920,1563,383,431,1052,277,1933,
Tiempos medidos: tiempoRelevance: 125.056028, tiempoMrmr 24746.244907
Tiempos totales medidos: 56889.536858
819,1,1867,650,995,1390,101,1698,316,937,1520,148,704,855,469,1195,1401,236,1795,1061,831,167,710,218,958,1452,1818,1826,1087,344,452,756,830,1199,58,274,1338,408,1905,1439,665,286,920,1563,383,431,1052,277,1933,1327,696,1966,1028,485,12,498,740,108,1816,932,1923,1069,414,790,681,888,1293,666,381,691,1618,918,1198,652,1965,1612,1274,1279,508,1574,385,879,1787,333,722,319,950,405,1608,1151,1459,1838,1954,1135,543,1639,244,746,80,
Tiempos medidos: tiempoRelevance: 130.643845, tiempoMrmr 49404.978991
Tiempos totales medidos: 80941.687107
819,1,1867,650,995,1390,101,1698,316,937,1520,148,704,855,469,1195,1401,236,1795,1061,831,167,710,218,958,1452,1818,1826,1087,344,452,756,830,1199,58,274,1338,408,1905,1439,665,286,920,1563,383,431,1052,277,1933,1327,696,1966,1028,485,12,498,740,108,1816,932,1923,1069,414,790,681,888,1293,666,381,691,1618,918,1198,652,1965,1612,1274,1279,508,1574,385,879,1787,333,722,319,950,405,1608,1151,1459,1838,1954,1135,543,1639,244,746,80,1551,1662,1295,1217,74,1032,1849,131,741,526,861,305,1351,1261,1319,215,1960,1037,1133,1403,1420,10,1956,549,828,582,802,868,1807,100,226,1937,1457,299,699,1330,146,801,560,1370,1614,1723,213,1211,979,1469,891,1815,893,267,1736,1961,176,545,1317,496,826,300,375,1333,1357,171,1884,680,400,917,221,26,1611,1731,85,1067,75,779,156,1392,624,742,1589,309,1617,1418,1653,579,49,1331,1209,564,829,807,1983,658,1507,68,925,787,1220,1677,1919,731,
Tiempos medidos: tiempoRelevance: 122.982979, tiempoMrmr 11539.916992
Tiempos totales medidos: 40504.027843
819,1,1867,650,995,1390,101,1698,316,937,1520,148,704,855,469,1195,1401,236,1795,1061,831,167,710,218,958,1452,1818,1826,1087,344,452,756,830,1199,58,274,1338,408,1905,1439,665,286,920,1563,383,431,1052,277,1933,
Tiempos medidos: tiempoRelevance: 117.112160, tiempoMrmr 23607.761860
Tiempos totales medidos: 50212.117910
819,1,1867,650,995,1390,101,1698,316,937,1520,148,704,855,469,1195,1401,236,1795,1061,831,167,710,218,958,1452,1818,1826,1087,344,452,756,830,1199,58,274,1338,408,1905,1439,665,286,920,1563,383,431,1052,277,1933,1327,696,1966,1028,485,12,498,740,108,1816,932,1923,1069,414,790,681,888,1293,666,381,691,1618,918,1198,652,1965,1612,1274,1279,508,1574,385,879,1787,333,722,319,950,405,1608,1151,1459,1838,1954,1135,543,1639,244,746,80,
Tiempos medidos: tiempoRelevance: 119.680882, tiempoMrmr 47295.154095
Tiempos totales medidos: 76490.730047
819,1,1867,650,995,1390,101,1698,316,937,1520,148,704,855,469,1195,1401,236,1795,1061,831,167,710,218,958,1452,1818,1826,1087,344,452,756,830,1199,58,274,1338,408,1905,1439,665,286,920,1563,383,431,1052,277,1933,1327,696,1966,1028,485,12,498,740,108,1816,932,1923,1069,414,790,681,888,1293,666,381,691,1618,918,1198,652,1965,1612,1274,1279,508,1574,385,879,1787,333,722,319,950,405,1608,1151,1459,1838,1954,1135,543,1639,244,746,80,1551,1662,1295,1217,74,1032,1849,131,741,526,861,305,1351,1261,1319,215,1960,1037,1133,1403,1420,10,1956,549,828,582,802,868,1807,100,226,1937,1457,299,699,1330,146,801,560,1370,1614,1723,213,1211,979,1469,891,1815,893,267,1736,1961,176,545,1317,496,826,300,375,1333,1357,171,1884,680,400,917,221,26,1611,1731,85,1067,75,779,156,1392,624,742,1589,309,1617,1418,1653,579,49,1331,1209,564,829,807,1983,658,1507,68,925,787,1220,1677,1919,731,
Tiempos medidos: tiempoRelevance: 103.887081, tiempoMrmr 11142.202854
Tiempos totales medidos: 40690.775871
819,1,1867,650,995,1390,101,1698,316,937,1520,148,704,855,469,1195,1401,236,1795,1061,831,167,710,218,958,1452,1818,1826,1087,344,452,756,830,1199,58,274,1338,408,1905,1439,665,286,920,1563,383,431,1052,277,1933,
Tiempos medidos: tiempoRelevance: 104.307890, tiempoMrmr 22680.124998
Tiempos totales medidos: 49541.636944
819,1,1867,650,995,1390,101,1698,316,937,1520,148,704,855,469,1195,1401,236,1795,1061,831,167,710,218,958,1452,1818,1826,1087,344,452,756,830,1199,58,274,1338,408,1905,1439,665,286,920,1563,383,431,1052,277,1933,1327,696,1966,1028,485,12,498,740,108,1816,932,1923,1069,414,790,681,888,1293,666,381,691,1618,918,1198,652,1965,1612,1274,1279,508,1574,385,879,1787,333,722,319,950,405,1608,1151,1459,1838,1954,1135,543,1639,244,746,80,
Tiempos medidos: tiempoRelevance: 104.130030, tiempoMrmr 45255.572081
Tiempos totales medidos: 73079.705000
819,1,1867,650,995,1390,101,1698,316,937,1520,148,704,855,469,1195,1401,236,1795,1061,831,167,710,218,958,1452,1818,1826,1087,344,452,756,830,1199,58,274,1338,408,1905,1439,665,286,920,1563,383,431,1052,277,1933,1327,696,1966,1028,485,12,498,740,108,1816,932,1923,1069,414,790,681,888,1293,666,381,691,1618,918,1198,652,1965,1612,1274,1279,508,1574,385,879,1787,333,722,319,950,405,1608,1151,1459,1838,1954,1135,543,1639,244,746,80,1551,1662,1295,1217,74,1032,1849,131,741,526,861,305,1351,1261,1319,215,1960,1037,1133,1403,1420,10,1956,549,828,582,802,868,1807,100,226,1937,1457,299,699,1330,146,801,560,1370,1614,1723,213,1211,979,1469,891,1815,893,267,1736,1961,176,545,1317,496,826,300,375,1333,1357,171,1884,680,400,917,221,26,1611,1731,85,1067,75,779,156,1392,624,742,1589,309,1617,1418,1653,579,49,1331,1209,564,829,807,1983,658,1507,68,925,787,1220,1677,1919,731,
Tiempos medidos: tiempoRelevance: 84.645987, tiempoMrmr 10174.925804
Tiempos totales medidos: 37071.871996
819,1,1867,650,995,1390,101,1698,316,937,1520,148,704,855,469,1195,1401,236,1795,1061,831,167,710,218,958,1452,1818,1826,1087,344,452,756,830,1199,58,274,1338,408,1905,1439,665,286,920,1563,383,431,1052,277,1933,
Tiempos medidos: tiempoRelevance: 84.289074, tiempoMrmr 20352.196932
Tiempos totales medidos: 47282.186985
819,1,1867,650,995,1390,101,1698,316,937,1520,148,704,855,469,1195,1401,236,1795,1061,831,167,710,218,958,1452,1818,1826,1087,344,452,756,830,1199,58,274,1338,408,1905,1439,665,286,920,1563,383,431,1052,277,1933,1327,696,1966,1028,485,12,498,740,108,1816,932,1923,1069,414,790,681,888,1293,666,381,691,1618,918,1198,652,1965,1612,1274,1279,508,1574,385,879,1787,333,722,319,950,405,1608,1151,1459,1838,1954,1135,543,1639,244,746,80,
Tiempos medidos: tiempoRelevance: 83.734989, tiempoMrmr 40012.507915
Tiempos totales medidos: 66900.726080
819,1,1867,650,995,1390,101,1698,316,937,1520,148,704,855,469,1195,1401,236,1795,1061,831,167,710,218,958,1452,1818,1826,1087,344,452,756,830,1199,58,274,1338,408,1905,1439,665,286,920,1563,383,431,1052,277,1933,1327,696,1966,1028,485,12,498,740,108,1816,932,1923,1069,414,790,681,888,1293,666,381,691,1618,918,1198,652,1965,1612,1274,1279,508,1574,385,879,1787,333,722,319,950,405,1608,1151,1459,1838,1954,1135,543,1639,244,746,80,1551,1662,1295,1217,74,1032,1849,131,741,526,861,305,1351,1261,1319,215,1960,1037,1133,1403,1420,10,1956,549,828,582,802,868,1807,100,226,1937,1457,299,699,1330,146,801,560,1370,1614,1723,213,1211,979,1469,891,1815,893,267,1736,1961,176,545,1317,496,826,300,375,1333,1357,171,1884,680,400,917,221,26,1611,1731,85,1067,75,779,156,1392,624,742,1589,309,1617,1418,1653,579,49,1331,1209,564,829,807,1983,658,1507,68,925,787,1220,1677,1919,731,
