Threads otorgados 3
Tiempos medidos: tiempoRelevance: 269.574881, tiempoMrmr 46380.511999
Tiempos totales medidos: 79946.927071
819,1,1867,650,995,1390,101,1698,316,937,1520,148,704,855,469,1195,1401,236,1795,1061,831,167,710,218,958,1452,1818,1826,1087,344,452,756,830,1199,58,274,1338,408,1905,1439,665,286,920,1563,383,431,1052,277,1933,
Threads otorgados 3
Tiempos medidos: tiempoRelevance: 264.948130, tiempoMrmr 94598.319054
Tiempos totales medidos: 127566.415071
819,1,1867,650,995,1390,101,1698,316,937,1520,148,704,855,469,1195,1401,236,1795,1061,831,167,710,218,958,1452,1818,1826,1087,344,452,756,830,1199,58,274,1338,408,1905,1439,665,286,920,1563,383,431,1052,277,1933,1327,696,1966,1028,485,12,498,740,108,1816,932,1923,1069,414,790,681,888,1293,666,381,691,1618,918,1198,652,1965,1612,1274,1279,508,1574,385,879,1787,333,722,319,950,405,1608,1151,1459,1838,1954,1135,543,1639,244,746,80,
Threads otorgados 3
Tiempos medidos: tiempoRelevance: 296.027899, tiempoMrmr 214158.974886
Tiempos totales medidos: 246615.391970
819,1,1867,650,995,1390,101,1698,316,937,1520,148,704,855,469,1195,1401,236,1795,1061,831,167,710,218,958,1452,1818,1826,1087,344,452,756,830,1199,58,274,1338,408,1905,1439,665,286,920,1563,383,431,1052,277,1933,1327,696,1966,1028,485,12,498,740,108,1816,932,1923,1069,414,790,681,888,1293,666,381,691,1618,918,1198,652,1965,1612,1274,1279,508,1574,385,879,1787,333,722,319,950,405,1608,1151,1459,1838,1954,1135,543,1639,244,746,80,1551,1662,1295,1217,74,1032,1849,131,741,526,861,305,1351,1261,1319,215,1960,1037,1133,1403,1420,10,1956,549,828,582,802,868,1807,100,226,1937,1457,299,699,1330,146,801,560,1370,1614,1723,213,1211,979,1469,891,1815,893,267,1736,1961,176,545,1317,496,826,300,375,1333,1357,171,1884,680,400,917,221,26,1611,1731,85,1067,75,779,156,1392,624,742,1589,309,1617,1418,1653,579,49,1331,1209,564,829,807,1983,658,1507,68,925,787,1220,1677,1919,731,
Threads otorgados 3
Threads otorgados 3
Tiempos medidos: tiempoRelevance: 130.788803, tiempoMrmr 12703.241110
Tiempos totales medidos: 40814.259052
819,1,1867,650,995,1390,101,1698,316,937,1520,148,704,855,469,1195,1401,236,1795,1061,831,167,710,218,958,1452,1818,1826,1087,344,452,756,830,1199,58,274,1338,408,1905,1439,665,286,920,1563,383,431,1052,277,1933,
Threads otorgados 3
Threads otorgados 3
Tiempos medidos: tiempoRelevance: 138.362885, tiempoMrmr 25866.837025
Tiempos totales medidos: 54039.594173
819,1,1867,650,995,1390,101,1698,316,937,1520,148,704,855,469,1195,1401,236,1795,1061,831,167,710,218,958,1452,1818,1826,1087,344,452,756,830,1199,58,274,1338,408,1905,1439,665,286,920,1563,383,431,1052,277,1933,1327,696,1966,1028,485,12,498,740,108,1816,932,1923,1069,414,790,681,888,1293,666,381,691,1618,918,1198,652,1965,1612,1274,1279,508,1574,385,879,1787,333,722,319,950,405,1608,1151,1459,1838,1954,1135,543,1639,244,746,80,
Threads otorgados 3
Threads otorgados 3
Tiempos medidos: tiempoRelevance: 137.283087, tiempoMrmr 51328.601837
Tiempos totales medidos: 79487.513065
819,1,1867,650,995,1390,101,1698,316,937,1520,148,704,855,469,1195,1401,236,1795,1061,831,167,710,218,958,1452,1818,1826,1087,344,452,756,830,1199,58,274,1338,408,1905,1439,665,286,920,1563,383,431,1052,277,1933,1327,696,1966,1028,485,12,498,740,108,1816,932,1923,1069,414,790,681,888,1293,666,381,691,1618,918,1198,652,1965,1612,1274,1279,508,1574,385,879,1787,333,722,319,950,405,1608,1151,1459,1838,1954,1135,543,1639,244,746,80,1551,1662,1295,1217,74,1032,1849,131,741,526,861,305,1351,1261,1319,215,1960,1037,1133,1403,1420,10,1956,549,828,582,802,868,1807,100,226,1937,1457,299,699,1330,146,801,560,1370,1614,1723,213,1211,979,1469,891,1815,893,267,1736,1961,176,545,1317,496,826,300,375,1333,1357,171,1884,680,400,917,221,26,1611,1731,85,1067,75,779,156,1392,624,742,1589,309,1617,1418,1653,579,49,1331,1209,564,829,807,1983,658,1507,68,925,787,1220,1677,1919,731,
Threads otorgados 3
Threads otorgados 3
Threads otorgados 3
Threads otorgados 3
Tiempos medidos: tiempoRelevance: 113.764048, tiempoMrmr 10838.783026
Tiempos totales medidos: 37882.009029
819,1,1867,650,995,1390,101,1698,316,937,1520,148,704,855,469,1195,1401,236,1795,1061,831,167,710,218,958,1452,1818,1826,1087,344,452,756,830,1199,58,274,1338,408,1905,1439,665,286,920,1563,383,431,1052,277,1933,
Threads otorgados 3
Threads otorgados 3
Threads otorgados 3
Threads otorgados 3
Tiempos medidos: tiempoRelevance: 115.347862, tiempoMrmr 22099.562168
Tiempos totales medidos: 49132.959127
819,1,1867,650,995,1390,101,1698,316,937,1520,148,704,855,469,1195,1401,236,1795,1061,831,167,710,218,958,1452,1818,1826,1087,344,452,756,830,1199,58,274,1338,408,1905,1439,665,286,920,1563,383,431,1052,277,1933,1327,696,1966,1028,485,12,498,740,108,1816,932,1923,1069,414,790,681,888,1293,666,381,691,1618,918,1198,652,1965,1612,1274,1279,508,1574,385,879,1787,333,722,319,950,405,1608,1151,1459,1838,1954,1135,543,1639,244,746,80,
Threads otorgados 3
Threads otorgados 3
Threads otorgados 3
Threads otorgados 3
Tiempos medidos: tiempoRelevance: 115.391970, tiempoMrmr 43802.179098
Tiempos totales medidos: 70840.336084
819,1,1867,650,995,1390,101,1698,316,937,1520,148,704,855,469,1195,1401,236,1795,1061,831,167,710,218,958,1452,1818,1826,1087,344,452,756,830,1199,58,274,1338,408,1905,1439,665,286,920,1563,383,431,1052,277,1933,1327,696,1966,1028,485,12,498,740,108,1816,932,1923,1069,414,790,681,888,1293,666,381,691,1618,918,1198,652,1965,1612,1274,1279,508,1574,385,879,1787,333,722,319,950,405,1608,1151,1459,1838,1954,1135,543,1639,244,746,80,1551,1662,1295,1217,74,1032,1849,131,741,526,861,305,1351,1261,1319,215,1960,1037,1133,1403,1420,10,1956,549,828,582,802,868,1807,100,226,1937,1457,299,699,1330,146,801,560,1370,1614,1723,213,1211,979,1469,891,1815,893,267,1736,1961,176,545,1317,496,826,300,375,1333,1357,171,1884,680,400,917,221,26,1611,1731,85,1067,75,779,156,1392,624,742,1589,309,1617,1418,1653,579,49,1331,1209,564,829,807,1983,658,1507,68,925,787,1220,1677,1919,731,
Threads otorgados 3
Threads otorgados 3
Threads otorgados 3
Threads otorgados 3
Threads otorgados 3
Threads otorgados 3
Tiempos medidos: tiempoRelevance: 111.045122, tiempoMrmr 10255.337000
Tiempos totales medidos: 38494.877815
819,1,1867,650,995,1390,101,1698,316,937,1520,148,704,855,469,1195,1401,236,1795,1061,831,167,710,218,958,1452,1818,1826,1087,344,452,756,830,1199,58,274,1338,408,1905,1439,665,286,920,1563,383,431,1052,277,1933,
Threads otorgados 3
Threads otorgados 3
Threads otorgados 3
Threads otorgados 3
Threads otorgados 3
Threads otorgados 3
Tiempos medidos: tiempoRelevance: 105.553865, tiempoMrmr 20831.710100
Tiempos totales medidos: 49583.853960
819,1,1867,650,995,1390,101,1698,316,937,1520,148,704,855,469,1195,1401,236,1795,1061,831,167,710,218,958,1452,1818,1826,1087,344,452,756,830,1199,58,274,1338,408,1905,1439,665,286,920,1563,383,431,1052,277,1933,1327,696,1966,1028,485,12,498,740,108,1816,932,1923,1069,414,790,681,888,1293,666,381,691,1618,918,1198,652,1965,1612,1274,1279,508,1574,385,879,1787,333,722,319,950,405,1608,1151,1459,1838,1954,1135,543,1639,244,746,80,
Threads otorgados 3
Threads otorgados 3
Threads otorgados 3
Threads otorgados 3
Threads otorgados 3
Threads otorgados 3
Tiempos medidos: tiempoRelevance: 111.747026, tiempoMrmr 41157.021999
Tiempos totales medidos: 69884.055138
819,1,1867,650,995,1390,101,1698,316,937,1520,148,704,855,469,1195,1401,236,1795,1061,831,167,710,218,958,1452,1818,1826,1087,344,452,756,830,1199,58,274,1338,408,1905,1439,665,286,920,1563,383,431,1052,277,1933,1327,696,1966,1028,485,12,498,740,108,1816,932,1923,1069,414,790,681,888,1293,666,381,691,1618,918,1198,652,1965,1612,1274,1279,508,1574,385,879,1787,333,722,319,950,405,1608,1151,1459,1838,1954,1135,543,1639,244,746,80,1551,1662,1295,1217,74,1032,1849,131,741,526,861,305,1351,1261,1319,215,1960,1037,1133,1403,1420,10,1956,549,828,582,802,868,1807,100,226,1937,1457,299,699,1330,146,801,560,1370,1614,1723,213,1211,979,1469,891,1815,893,267,1736,1961,176,545,1317,496,826,300,375,1333,1357,171,1884,680,400,917,221,26,1611,1731,85,1067,75,779,156,1392,624,742,1589,309,1617,1418,1653,579,49,1331,1209,564,829,807,1983,658,1507,68,925,787,1220,1677,1919,731,
Threads otorgados 3
Threads otorgados 3
Threads otorgados 3
Threads otorgados 3
Threads otorgados 3
Threads otorgados 3
Threads otorgados 3
Threads otorgados 3
Threads otorgados 3
Threads otorgados 3
Threads otorgados 3
Threads otorgados 3
Tiempos medidos: tiempoRelevance: 90.586901, tiempoMrmr 9850.325108
Tiempos totales medidos: 38446.573973
819,1,1867,650,995,1390,101,1698,316,937,1520,148,704,855,469,1195,1401,236,1795,1061,831,167,710,218,958,1452,1818,1826,1087,344,452,756,830,1199,58,274,1338,408,1905,1439,665,286,920,1563,383,431,1052,277,1933,
Threads otorgados 3
Threads otorgados 3
Threads otorgados 3
Threads otorgados 3
Threads otorgados 3
Threads otorgados 3
Threads otorgados 3
Threads otorgados 3
Threads otorgados 3
Threads otorgados 3
Threads otorgados 3
Threads otorgados 3
Tiempos medidos: tiempoRelevance: 89.544058, tiempoMrmr 19814.291000
Tiempos totales medidos: 47283.113956
819,1,1867,650,995,1390,101,1698,316,937,1520,148,704,855,469,1195,1401,236,1795,1061,831,167,710,218,958,1452,1818,1826,1087,344,452,756,830,1199,58,274,1338,408,1905,1439,665,286,920,1563,383,431,1052,277,1933,1327,696,1966,1028,485,12,498,740,108,1816,932,1923,1069,414,790,681,888,1293,666,381,691,1618,918,1198,652,1965,1612,1274,1279,508,1574,385,879,1787,333,722,319,950,405,1608,1151,1459,1838,1954,1135,543,1639,244,746,80,
Threads otorgados 3
Threads otorgados 3
Threads otorgados 3
Threads otorgados 3
Threads otorgados 3
Threads otorgados 3
Threads otorgados 3
Threads otorgados 3
Threads otorgados 3
Threads otorgados 3
Threads otorgados 3
Threads otorgados 3
Tiempos medidos: tiempoRelevance: 98.047018, tiempoMrmr 39204.990864
Tiempos totales medidos: 66691.104889
819,1,1867,650,995,1390,101,1698,316,937,1520,148,704,855,469,1195,1401,236,1795,1061,831,167,710,218,958,1452,1818,1826,1087,344,452,756,830,1199,58,274,1338,408,1905,1439,665,286,920,1563,383,431,1052,277,1933,1327,696,1966,1028,485,12,498,740,108,1816,932,1923,1069,414,790,681,888,1293,666,381,691,1618,918,1198,652,1965,1612,1274,1279,508,1574,385,879,1787,333,722,319,950,405,1608,1151,1459,1838,1954,1135,543,1639,244,746,80,1551,1662,1295,1217,74,1032,1849,131,741,526,861,305,1351,1261,1319,215,1960,1037,1133,1403,1420,10,1956,549,828,582,802,868,1807,100,226,1937,1457,299,699,1330,146,801,560,1370,1614,1723,213,1211,979,1469,891,1815,893,267,1736,1961,176,545,1317,496,826,300,375,1333,1357,171,1884,680,400,917,221,26,1611,1731,85,1067,75,779,156,1392,624,742,1589,309,1617,1418,1653,579,49,1331,1209,564,829,807,1983,658,1507,68,925,787,1220,1677,1919,731,
Threads otorgados 3
Threads otorgados 3
Threads otorgados 3
Threads otorgados 3
Threads otorgados 3
Threads otorgados 3
Threads otorgados 3
Threads otorgados 3
Threads otorgados 3
Threads otorgados 3
Threads otorgados 3
Threads otorgados 3
Threads otorgados 3
Threads otorgados 3
Threads otorgados 3
Threads otorgados 3
Threads otorgados 3
Threads otorgados 3
Threads otorgados 3
Threads otorgados 3
Threads otorgados 3
Threads otorgados 3
Threads otorgados 3
Threads otorgados 3
Tiempos medidos: tiempoRelevance: 83.901882, tiempoMrmr 10065.001011
Tiempos totales medidos: 36966.372013
819,1,1867,650,995,1390,101,1698,316,937,1520,148,704,855,469,1195,1401,236,1795,1061,831,167,710,218,958,1452,1818,1826,1087,344,452,756,830,1199,58,274,1338,408,1905,1439,665,286,920,1563,383,431,1052,277,1933,
Threads otorgados 3
Threads otorgados 3
Threads otorgados 3
Threads otorgados 3
Threads otorgados 3
Threads otorgados 3
Threads otorgados 3
Threads otorgados 3
Threads otorgados 3
Threads otorgados 3
Threads otorgados 3
Threads otorgados 3
Threads otorgados 3
Threads otorgados 3
Threads otorgados 3
Threads otorgados 3
Threads otorgados 3
Threads otorgados 3
Threads otorgados 3
Threads otorgados 3
Threads otorgados 3
Threads otorgados 3
Threads otorgados 3
Threads otorgados 3
Tiempos medidos: tiempoRelevance: 83.768129, tiempoMrmr 20487.802982
Tiempos totales medidos: 47406.740904
819,1,1867,650,995,1390,101,1698,316,937,1520,148,704,855,469,1195,1401,236,1795,1061,831,167,710,218,958,1452,1818,1826,1087,344,452,756,830,1199,58,274,1338,408,1905,1439,665,286,920,1563,383,431,1052,277,1933,1327,696,1966,1028,485,12,498,740,108,1816,932,1923,1069,414,790,681,888,1293,666,381,691,1618,918,1198,652,1965,1612,1274,1279,508,1574,385,879,1787,333,722,319,950,405,1608,1151,1459,1838,1954,1135,543,1639,244,746,80,
Threads otorgados 3
Threads otorgados 3
Threads otorgados 3
Threads otorgados 3
Threads otorgados 3
Threads otorgados 3
Threads otorgados 3
Threads otorgados 3
Threads otorgados 3
Threads otorgados 3
Threads otorgados 3
Threads otorgados 3
Threads otorgados 3
Threads otorgados 3
Threads otorgados 3
Threads otorgados 3
Threads otorgados 3
Threads otorgados 3
Threads otorgados 3
Threads otorgados 3
Threads otorgados 3
Threads otorgados 3
Threads otorgados 3
Threads otorgados 3
Tiempos medidos: tiempoRelevance: 83.722115, tiempoMrmr 40062.252998
Tiempos totales medidos: 66898.391008
819,1,1867,650,995,1390,101,1698,316,937,1520,148,704,855,469,1195,1401,236,1795,1061,831,167,710,218,958,1452,1818,1826,1087,344,452,756,830,1199,58,274,1338,408,1905,1439,665,286,920,1563,383,431,1052,277,1933,1327,696,1966,1028,485,12,498,740,108,1816,932,1923,1069,414,790,681,888,1293,666,381,691,1618,918,1198,652,1965,1612,1274,1279,508,1574,385,879,1787,333,722,319,950,405,1608,1151,1459,1838,1954,1135,543,1639,244,746,80,1551,1662,1295,1217,74,1032,1849,131,741,526,861,305,1351,1261,1319,215,1960,1037,1133,1403,1420,10,1956,549,828,582,802,868,1807,100,226,1937,1457,299,699,1330,146,801,560,1370,1614,1723,213,1211,979,1469,891,1815,893,267,1736,1961,176,545,1317,496,826,300,375,1333,1357,171,1884,680,400,917,221,26,1611,1731,85,1067,75,779,156,1392,624,742,1589,309,1617,1418,1653,579,49,1331,1209,564,829,807,1983,658,1507,68,925,787,1220,1677,1919,731,
