Tiempos medidos: tiempoRelevance: 274.939060, tiempoMrmr 49000.260115
Tiempos totales medidos: 109128.916025
819,1,1867,650,995,1390,101,1698,316,937,1520,148,704,855,469,1195,1401,236,1795,1061,831,167,710,218,958,1452,1818,1826,1087,344,452,756,830,1199,58,274,1338,408,1905,1439,665,286,920,1563,383,431,1052,277,1933,
Tiempos medidos: tiempoRelevance: 267.171144, tiempoMrmr 95484.410048
Tiempos totales medidos: 155248.736143
819,1,1867,650,995,1390,101,1698,316,937,1520,148,704,855,469,1195,1401,236,1795,1061,831,167,710,218,958,1452,1818,1826,1087,344,452,756,830,1199,58,274,1338,408,1905,1439,665,286,920,1563,383,431,1052,277,1933,1327,696,1966,1028,485,12,498,740,108,1816,932,1923,1069,414,790,681,888,1293,666,381,691,1618,918,1198,652,1965,1612,1274,1279,508,1574,385,879,1787,333,722,319,950,405,1608,1151,1459,1838,1954,1135,543,1639,244,746,80,
Tiempos medidos: tiempoRelevance: 271.962881, tiempoMrmr 194346.905947
Tiempos totales medidos: 227202.464819
819,1,1867,650,995,1390,101,1698,316,937,1520,148,704,855,469,1195,1401,236,1795,1061,831,167,710,218,958,1452,1818,1826,1087,344,452,756,830,1199,58,274,1338,408,1905,1439,665,286,920,1563,383,431,1052,277,1933,1327,696,1966,1028,485,12,498,740,108,1816,932,1923,1069,414,790,681,888,1293,666,381,691,1618,918,1198,652,1965,1612,1274,1279,508,1574,385,879,1787,333,722,319,950,405,1608,1151,1459,1838,1954,1135,543,1639,244,746,80,1551,1662,1295,1217,74,1032,1849,131,741,526,861,305,1351,1261,1319,215,1960,1037,1133,1403,1420,10,1956,549,828,582,802,868,1807,100,226,1937,1457,299,699,1330,146,801,560,1370,1614,1723,213,1211,979,1469,891,1815,893,267,1736,1961,176,545,1317,496,826,300,375,1333,1357,171,1884,680,400,917,221,26,1611,1731,85,1067,75,779,156,1392,624,742,1589,309,1617,1418,1653,579,49,1331,1209,564,829,807,1983,658,1507,68,925,787,1220,1677,1919,731,
Tiempos medidos: tiempoRelevance: 132.639170, tiempoMrmr 12698.045969
Tiempos totales medidos: 52988.553047
819,1,1867,650,995,1390,101,1698,316,937,1520,148,704,855,469,1195,1401,236,1795,1061,831,167,710,218,958,1452,1818,1826,1087,344,452,756,830,1199,58,274,1338,408,1905,1439,665,286,920,1563,383,431,1052,277,1933,
Tiempos medidos: tiempoRelevance: 133.909941, tiempoMrmr 25767.168999
Tiempos totales medidos: 53935.538054
819,1,1867,650,995,1390,101,1698,316,937,1520,148,704,855,469,1195,1401,236,1795,1061,831,167,710,218,958,1452,1818,1826,1087,344,452,756,830,1199,58,274,1338,408,1905,1439,665,286,920,1563,383,431,1052,277,1933,1327,696,1966,1028,485,12,498,740,108,1816,932,1923,1069,414,790,681,888,1293,666,381,691,1618,918,1198,652,1965,1612,1274,1279,508,1574,385,879,1787,333,722,319,950,405,1608,1151,1459,1838,1954,1135,543,1639,244,746,80,
Tiempos medidos: tiempoRelevance: 138.766050, tiempoMrmr 51498.134851
Tiempos totales medidos: 92083.678007
819,1,1867,650,995,1390,101,1698,316,937,1520,148,704,855,469,1195,1401,236,1795,1061,831,167,710,218,958,1452,1818,1826,1087,344,452,756,830,1199,58,274,1338,408,1905,1439,665,286,920,1563,383,431,1052,277,1933,1327,696,1966,1028,485,12,498,740,108,1816,932,1923,1069,414,790,681,888,1293,666,381,691,1618,918,1198,652,1965,1612,1274,1279,508,1574,385,879,1787,333,722,319,950,405,1608,1151,1459,1838,1954,1135,543,1639,244,746,80,1551,1662,1295,1217,74,1032,1849,131,741,526,861,305,1351,1261,1319,215,1960,1037,1133,1403,1420,10,1956,549,828,582,802,868,1807,100,226,1937,1457,299,699,1330,146,801,560,1370,1614,1723,213,1211,979,1469,891,1815,893,267,1736,1961,176,545,1317,496,826,300,375,1333,1357,171,1884,680,400,917,221,26,1611,1731,85,1067,75,779,156,1392,624,742,1589,309,1617,1418,1653,579,49,1331,1209,564,829,807,1983,658,1507,68,925,787,1220,1677,1919,731,
Tiempos medidos: tiempoRelevance: 116.073847, tiempoMrmr 11010.426998
Tiempos totales medidos: 42358.069181
819,1,1867,650,995,1390,101,1698,316,937,1520,148,704,855,469,1195,1401,236,1795,1061,831,167,710,218,958,1452,1818,1826,1087,344,452,756,830,1199,58,274,1338,408,1905,1439,665,286,920,1563,383,431,1052,277,1933,
Tiempos medidos: tiempoRelevance: 115.633965, tiempoMrmr 22499.930859
Tiempos totales medidos: 54454.245090
819,1,1867,650,995,1390,101,1698,316,937,1520,148,704,855,469,1195,1401,236,1795,1061,831,167,710,218,958,1452,1818,1826,1087,344,452,756,830,1199,58,274,1338,408,1905,1439,665,286,920,1563,383,431,1052,277,1933,1327,696,1966,1028,485,12,498,740,108,1816,932,1923,1069,414,790,681,888,1293,666,381,691,1618,918,1198,652,1965,1612,1274,1279,508,1574,385,879,1787,333,722,319,950,405,1608,1151,1459,1838,1954,1135,543,1639,244,746,80,
Tiempos medidos: tiempoRelevance: 114.827871, tiempoMrmr 44236.795902
Tiempos totales medidos: 73676.167965
819,1,1867,650,995,1390,101,1698,316,937,1520,148,704,855,469,1195,1401,236,1795,1061,831,167,710,218,958,1452,1818,1826,1087,344,452,756,830,1199,58,274,1338,408,1905,1439,665,286,920,1563,383,431,1052,277,1933,1327,696,1966,1028,485,12,498,740,108,1816,932,1923,1069,414,790,681,888,1293,666,381,691,1618,918,1198,652,1965,1612,1274,1279,508,1574,385,879,1787,333,722,319,950,405,1608,1151,1459,1838,1954,1135,543,1639,244,746,80,1551,1662,1295,1217,74,1032,1849,131,741,526,861,305,1351,1261,1319,215,1960,1037,1133,1403,1420,10,1956,549,828,582,802,868,1807,100,226,1937,1457,299,699,1330,146,801,560,1370,1614,1723,213,1211,979,1469,891,1815,893,267,1736,1961,176,545,1317,496,826,300,375,1333,1357,171,1884,680,400,917,221,26,1611,1731,85,1067,75,779,156,1392,624,742,1589,309,1617,1418,1653,579,49,1331,1209,564,829,807,1983,658,1507,68,925,787,1220,1677,1919,731,
Tiempos medidos: tiempoRelevance: 103.594065, tiempoMrmr 10586.163044
Tiempos totales medidos: 39130.578041
819,1,1867,650,995,1390,101,1698,316,937,1520,148,704,855,469,1195,1401,236,1795,1061,831,167,710,218,958,1452,1818,1826,1087,344,452,756,830,1199,58,274,1338,408,1905,1439,665,286,920,1563,383,431,1052,277,1933,
Tiempos medidos: tiempoRelevance: 103.800058, tiempoMrmr 21009.752989
Tiempos totales medidos: 49617.619038
819,1,1867,650,995,1390,101,1698,316,937,1520,148,704,855,469,1195,1401,236,1795,1061,831,167,710,218,958,1452,1818,1826,1087,344,452,756,830,1199,58,274,1338,408,1905,1439,665,286,920,1563,383,431,1052,277,1933,1327,696,1966,1028,485,12,498,740,108,1816,932,1923,1069,414,790,681,888,1293,666,381,691,1618,918,1198,652,1965,1612,1274,1279,508,1574,385,879,1787,333,722,319,950,405,1608,1151,1459,1838,1954,1135,543,1639,244,746,80,
Tiempos medidos: tiempoRelevance: 103.946209, tiempoMrmr 45402.791977
Tiempos totales medidos: 74342.154980
819,1,1867,650,995,1390,101,1698,316,937,1520,148,704,855,469,1195,1401,236,1795,1061,831,167,710,218,958,1452,1818,1826,1087,344,452,756,830,1199,58,274,1338,408,1905,1439,665,286,920,1563,383,431,1052,277,1933,1327,696,1966,1028,485,12,498,740,108,1816,932,1923,1069,414,790,681,888,1293,666,381,691,1618,918,1198,652,1965,1612,1274,1279,508,1574,385,879,1787,333,722,319,950,405,1608,1151,1459,1838,1954,1135,543,1639,244,746,80,1551,1662,1295,1217,74,1032,1849,131,741,526,861,305,1351,1261,1319,215,1960,1037,1133,1403,1420,10,1956,549,828,582,802,868,1807,100,226,1937,1457,299,699,1330,146,801,560,1370,1614,1723,213,1211,979,1469,891,1815,893,267,1736,1961,176,545,1317,496,826,300,375,1333,1357,171,1884,680,400,917,221,26,1611,1731,85,1067,75,779,156,1392,624,742,1589,309,1617,1418,1653,579,49,1331,1209,564,829,807,1983,658,1507,68,925,787,1220,1677,1919,731,
Tiempos medidos: tiempoRelevance: 92.213869, tiempoMrmr 9836.879015
Tiempos totales medidos: 37362.422943
819,1,1867,650,995,1390,101,1698,316,937,1520,148,704,855,469,1195,1401,236,1795,1061,831,167,710,218,958,1452,1818,1826,1087,344,452,756,830,1199,58,274,1338,408,1905,1439,665,286,920,1563,383,431,1052,277,1933,
Tiempos medidos: tiempoRelevance: 92.334986, tiempoMrmr 20144.596815
Tiempos totales medidos: 48095.201969
819,1,1867,650,995,1390,101,1698,316,937,1520,148,704,855,469,1195,1401,236,1795,1061,831,167,710,218,958,1452,1818,1826,1087,344,452,756,830,1199,58,274,1338,408,1905,1439,665,286,920,1563,383,431,1052,277,1933,1327,696,1966,1028,485,12,498,740,108,1816,932,1923,1069,414,790,681,888,1293,666,381,691,1618,918,1198,652,1965,1612,1274,1279,508,1574,385,879,1787,333,722,319,950,405,1608,1151,1459,1838,1954,1135,543,1639,244,746,80,
Tiempos medidos: tiempoRelevance: 91.806889, tiempoMrmr 39588.967800
Tiempos totales medidos: 66930.181026
819,1,1867,650,995,1390,101,1698,316,937,1520,148,704,855,469,1195,1401,236,1795,1061,831,167,710,218,958,1452,1818,1826,1087,344,452,756,830,1199,58,274,1338,408,1905,1439,665,286,920,1563,383,431,1052,277,1933,1327,696,1966,1028,485,12,498,740,108,1816,932,1923,1069,414,790,681,888,1293,666,381,691,1618,918,1198,652,1965,1612,1274,1279,508,1574,385,879,1787,333,722,319,950,405,1608,1151,1459,1838,1954,1135,543,1639,244,746,80,1551,1662,1295,1217,74,1032,1849,131,741,526,861,305,1351,1261,1319,215,1960,1037,1133,1403,1420,10,1956,549,828,582,802,868,1807,100,226,1937,1457,299,699,1330,146,801,560,1370,1614,1723,213,1211,979,1469,891,1815,893,267,1736,1961,176,545,1317,496,826,300,375,1333,1357,171,1884,680,400,917,221,26,1611,1731,85,1067,75,779,156,1392,624,742,1589,309,1617,1418,1653,579,49,1331,1209,564,829,807,1983,658,1507,68,925,787,1220,1677,1919,731,
Tiempos medidos: tiempoRelevance: 84.105968, tiempoMrmr 10147.484064
Tiempos totales medidos: 37057.086945
819,1,1867,650,995,1390,101,1698,316,937,1520,148,704,855,469,1195,1401,236,1795,1061,831,167,710,218,958,1452,1818,1826,1087,344,452,756,830,1199,58,274,1338,408,1905,1439,665,286,920,1563,383,431,1052,277,1933,
Tiempos medidos: tiempoRelevance: 84.417105, tiempoMrmr 20466.603041
Tiempos totales medidos: 47387.814045
819,1,1867,650,995,1390,101,1698,316,937,1520,148,704,855,469,1195,1401,236,1795,1061,831,167,710,218,958,1452,1818,1826,1087,344,452,756,830,1199,58,274,1338,408,1905,1439,665,286,920,1563,383,431,1052,277,1933,1327,696,1966,1028,485,12,498,740,108,1816,932,1923,1069,414,790,681,888,1293,666,381,691,1618,918,1198,652,1965,1612,1274,1279,508,1574,385,879,1787,333,722,319,950,405,1608,1151,1459,1838,1954,1135,543,1639,244,746,80,
Tiempos medidos: tiempoRelevance: 84.226131, tiempoMrmr 39993.216991
Tiempos totales medidos: 66920.464039
819,1,1867,650,995,1390,101,1698,316,937,1520,148,704,855,469,1195,1401,236,1795,1061,831,167,710,218,958,1452,1818,1826,1087,344,452,756,830,1199,58,274,1338,408,1905,1439,665,286,920,1563,383,431,1052,277,1933,1327,696,1966,1028,485,12,498,740,108,1816,932,1923,1069,414,790,681,888,1293,666,381,691,1618,918,1198,652,1965,1612,1274,1279,508,1574,385,879,1787,333,722,319,950,405,1608,1151,1459,1838,1954,1135,543,1639,244,746,80,1551,1662,1295,1217,74,1032,1849,131,741,526,861,305,1351,1261,1319,215,1960,1037,1133,1403,1420,10,1956,549,828,582,802,868,1807,100,226,1937,1457,299,699,1330,146,801,560,1370,1614,1723,213,1211,979,1469,891,1815,893,267,1736,1961,176,545,1317,496,826,300,375,1333,1357,171,1884,680,400,917,221,26,1611,1731,85,1067,75,779,156,1392,624,742,1589,309,1617,1418,1653,579,49,1331,1209,564,829,807,1983,658,1507,68,925,787,1220,1677,1919,731,
