1,2,322,4,1941,1115,5,19,6,33,7,184,8,10,11,808,12,13,55,14,15,908,1196,16,1395,1583,1903,17,229,18,20,277,21,25,377,27,428,28,29,460,30,31,32,34,35,36,37,38,39,40,41,42,43,44,46,47,48,49,50,51,52,53,54,56,58,59,60,61,64,65,66,67,68,69,70,71,72,74,75,76,77,79,80,81,82,83,84,85,86,87,89,90,91,92,93,94,95,96,97
Tiempos medidos: tiempoRelevance: 129.330158, tiempoMrmr 12487.648964

1,2,322,4,1941,1115,5,19,6,33,7,184,8,10,11,808,12,13,55,14,15,908,1196,16,1395,1583,1903,17,229,18,20,277,21,25,377,27,428,28,29,460,30,31,32,34,35,36,37,38,39,40,41,42,43,44,46,47,48,49,50,51,52,53,54,56,58,59,60,61,64,65,66,67,68,69,70,71,72,74,75,76,77,79,80,81,82,83,84,85,86,87,89,90,91,92,93,94,95,96,97
Tiempos medidos: tiempoRelevance: 131.854057, tiempoMrmr 12271.057129

1,2,322,4,1941,1115,5,19,6,33,7,184,8,10,11,808,12,13,55,14,15,908,1196,16,1395,1583,1903,17,229,18,20,277,21,25,377,27,428,28,29,460,30,31,32,34,35,36,37,38,39,40,41,42,43,44,46,47,48,49,50,51,52,53,54,56,58,59,60,61,64,65,66,67,68,69,70,71,72,74,75,76,77,79,80,81,82,83,84,85,86,87,89,90,91,92,93,94,95,96,97
Tiempos medidos: tiempoRelevance: 128.268003, tiempoMrmr 12186.506987

1,2,322,4,1941,1115,5,19,6,33,7,184,8,10,11,808,12,13,55,14,15,908,1196,16,1395,1583,1903,17,229,18,20,277,21,25,377,27,428,28,29,460,30,31,32,34,35,36,37,38,39,40,41,42,43,44,46,47,48,49,50,51,52,53,54,56,58,59,60,61,64,65,66,67,68,69,70,71,72,74,75,76,77,79,80,81,82,83,84,85,86,87,89,90,91,92,93,94,95,96,97
Tiempos medidos: tiempoRelevance: 129.034042, tiempoMrmr 12180.417776

1,2,322,4,1941,1115,5,19,6,33,7,184,8,10,11,808,12,13,55,14,15,908,1196,16,1395,1583,1903,17,229,18,20,277,21,25,377,27,428,28,29,460,30,31,32,34,35,36,37,38,39,40,41,42,43,44,46,47,48,49,50,51,52,53,54,56,58,59,60,61,64,65,66,67,68,69,70,71,72,74,75,76,77,79,80,81,82,83,84,85,86,87,89,90,91,92,93,94,95,96,97
Tiempos medidos: tiempoRelevance: 127.954006, tiempoMrmr 12198.887110

1,2,322,4,1941,1115,5,19,6,33,7,184,8,10,11,808,12,13,55,14,15,908,1196,16,1395,1583,1903,17,229,18,20,277,21,25,377,27,428,28,29,460,30,31,32,34,35,36,37,38,39,40,41,42,43,44,46,47,48,49,50,51,52,53,54,56,58,59,60,61,64,65,66,67,68,69,70,71,72,74,75,76,77,79,80,81,82,83,84,85,86,87,89,90,91,92,93,94,95,96,97
Tiempos medidos: tiempoRelevance: 128.612995, tiempoMrmr 12166.576862

1,2,322,4,1941,1115,5,19,6,33,7,184,8,10,11,808,12,13,55,14,15,908,1196,16,1395,1583,1903,17,229,18,20,277,21,25,377,27,428,28,29,460,30,31,32,34,35,36,37,38,39,40,41,42,43,44,46,47,48,49,50,51,52,53,54,56,58,59,60,61,64,65,66,67,68,69,70,71,72,74,75,76,77,79,80,81,82,83,84,85,86,87,89,90,91,92,93,94,95,96,97
Tiempos medidos: tiempoRelevance: 127.967119, tiempoMrmr 12157.373905

1,2,322,4,1941,1115,5,19,6,33,7,184,8,10,11,808,12,13,55,14,15,908,1196,16,1395,1583,1903,17,229,18,20,277,21,25,377,27,428,28,29,460,30,31,32,34,35,36,37,38,39,40,41,42,43,44,46,47,48,49,50,51,52,53,54,56,58,59,60,61,64,65,66,67,68,69,70,71,72,74,75,76,77,79,80,81,82,83,84,85,86,87,89,90,91,92,93,94,95,96,97
Tiempos medidos: tiempoRelevance: 128.159046, tiempoMrmr 12159.353971

1,2,322,4,1941,1115,5,19,6,33,7,184,8,10,11,808,12,13,55,14,15,908,1196,16,1395,1583,1903,17,229,18,20,277,21,25,377,27,428,28,29,460,30,31,32,34,35,36,37,38,39,40,41,42,43,44,46,47,48,49,50,51,52,53,54,56,58,59,60,61,64,65,66,67,68,69,70,71,72,74,75,76,77,79,80,81,82,83,84,85,86,87,89,90,91,92,93,94,95,96,97
Tiempos medidos: tiempoRelevance: 127.883911, tiempoMrmr 12158.108950

1,2,322,4,1941,1115,5,19,6,33,7,184,8,10,11,808,12,13,55,14,15,908,1196,16,1395,1583,1903,17,229,18,20,277,21,25,377,27,428,28,29,460,30,31,32,34,35,36,37,38,39,40,41,42,43,44,46,47,48,49,50,51,52,53,54,56,58,59,60,61,64,65,66,67,68,69,70,71,72,74,75,76,77,79,80,81,82,83,84,85,86,87,89,90,91,92,93,94,95,96,97
Tiempos medidos: tiempoRelevance: 128.316879, tiempoMrmr 12179.853201

