13,6677,11586,15838,31444,38113,38987,41391,45159
Tiempos medidos: tiempoRelevance: 3588.543892, tiempoMrmr 35272.463083

13,6677,11586,15838,31444,38113,38987,41391,45159
Tiempos medidos: tiempoRelevance: 4729.406118, tiempoMrmr 36123.569012

13,6677,11586,15838,31444,38113,38987,41391,45159
Tiempos medidos: tiempoRelevance: 4747.354031, tiempoMrmr 36036.360979

13,6677,11586,15838,31444,38113,38987,41391,45159
Tiempos medidos: tiempoRelevance: 4738.503933, tiempoMrmr 36170.183897

13,6677,11586,15838,31444,38113,38987,41391,45159
Tiempos medidos: tiempoRelevance: 4778.562069, tiempoMrmr 36735.949039

13,6677,11586,15838,31444,38113,38987,41391,45159
Tiempos medidos: tiempoRelevance: 4696.684122, tiempoMrmr 35745.151997

13,6677,11586,15838,31444,38113,38987,41391,45159
Tiempos medidos: tiempoRelevance: 4749.443054, tiempoMrmr 36081.841946

