39488,47293,32049,16414,35100,36147,13328,29330,29955,9282,26610,29538,30334,44130,3186,20848,258,14076,1540,29866,36520,19743,41092,7872,2665,4772,28424,14475,1975,43660,18368,3882,892,13877,27909,3206,23450,38909,14316,32332,27758,25720,24908,10949,30974,22494,31727,44747,8718
Tiempos medidos: tiempoRelevance: 1669.767857, tiempoMrmr 77029.937029
Tiempos totales medidos: 79036.934137

39488,47293,32049,16414,35100,36147,13328,29330,29955,9282,26610,29538,30334,44130,3186,20848,258,14076,1540,29866,36520,19743,41092,7872,2665,4772,28424,14475,1975,43660,18368,3882,892,13877,27909,3206,23450,38909,14316,32332,27758,25720,24908,10949,30974,22494,31727,44747,8718,3527,19540,39604,30445,40304,44164,12370,9292,12713,41608,33049,39322,9855,16914,31062,14090,11293,44534,12258,24313,42798,38784,17770,24087,24497,16936,44694,3134,46299,18839,17827,20359,17563,18713,31626,24774,43220,6684,38120,33035,16515,21791,7902,33661,28891,38605,41405,30175,29800,18873
Tiempos medidos: tiempoRelevance: 1669.821978, tiempoMrmr 153278.891087
Tiempos totales medidos: 155108.831882

39488,47293,32049,16414,35100,36147,13328,29330,29955,9282,26610,29538,30334,44130,3186,20848,258,14076,1540,29866,36520,19743,41092,7872,2665,4772,28424,14475,1975,43660,18368,3882,892,13877,27909,3206,23450,38909,14316,32332,27758,25720,24908,10949,30974,22494,31727,44747,8718,3527,19540,39604,30445,40304,44164,12370,9292,12713,41608,33049,39322,9855,16914,31062,14090,11293,44534,12258,24313,42798,38784,17770,24087,24497,16936,44694,3134,46299,18839,17827,20359,17563,18713,31626,24774,43220,6684,38120,33035,16515,21791,7902,33661,28891,38605,41405,30175,29800,18873,7920,16444,350,41083,362,9858,26388,20218,20152,22961,6007,17211,41031,1300,25086,23933,24274,22005,3892,1125,42392,7940,37729,12526,40117,15624,2930,20646,41066,41758,21166,11646,40768,44422,11458,1047,30118,18622,30212,2942,32532,26778,44973,7449,3722,4050,16885,2732,329,42516,27295,7564,36535,15219,42973,45450,8281,3812,11340,3514,6231,3364,36729,34037,27970,44160,3284,29673,22229,44546,44330,26735,2649,22996,37206,10793,39219,1454,36539,2486,24751,19424,34446,20879,28002,18755,36631,1598,24658,40172,37785,21918,42627,28579,15041,20497,26502,15236,20917,22344
Tiempos medidos: tiempoRelevance: 1669.235945, tiempoMrmr 310687.457800
Tiempos totales medidos: 312528.558016

39488,47293,32049,16414,35100,36147,13328,29330,29955,9282,26610,29538,30334,44130,3186,20848,258,14076,1540,29866,36520,19743,41092,7872,2665,4772,28424,14475,1975,43660,18368,3882,892,13877,27909,3206,23450,38909,14316,32332,27758,25720,24908,10949,30974,22494,31727,44747,8718
Tiempos medidos: tiempoRelevance: 1673.994064, tiempoMrmr 77034.779072
Tiempos totales medidos: 78878.564835

39488,47293,32049,16414,35100,36147,13328,29330,29955,9282,26610,29538,30334,44130,3186,20848,258,14076,1540,29866,36520,19743,41092,7872,2665,4772,28424,14475,1975,43660,18368,3882,892,13877,27909,3206,23450,38909,14316,32332,27758,25720,24908,10949,30974,22494,31727,44747,8718,3527,19540,39604,30445,40304,44164,12370,9292,12713,41608,33049,39322,9855,16914,31062,14090,11293,44534,12258,24313,42798,38784,17770,24087,24497,16936,44694,3134,46299,18839,17827,20359,17563,18713,31626,24774,43220,6684,38120,33035,16515,21791,7902,33661,28891,38605,41405,30175,29800,18873
Tiempos medidos: tiempoRelevance: 1670.353889, tiempoMrmr 153710.942984
Tiempos totales medidos: 155550.561190

39488,47293,32049,16414,35100,36147,13328,29330,29955,9282,26610,29538,30334,44130,3186,20848,258,14076,1540,29866,36520,19743,41092,7872,2665,4772,28424,14475,1975,43660,18368,3882,892,13877,27909,3206,23450,38909,14316,32332,27758,25720,24908,10949,30974,22494,31727,44747,8718,3527,19540,39604,30445,40304,44164,12370,9292,12713,41608,33049,39322,9855,16914,31062,14090,11293,44534,12258,24313,42798,38784,17770,24087,24497,16936,44694,3134,46299,18839,17827,20359,17563,18713,31626,24774,43220,6684,38120,33035,16515,21791,7902,33661,28891,38605,41405,30175,29800,18873,7920,16444,350,41083,362,9858,26388,20218,20152,22961,6007,17211,41031,1300,25086,23933,24274,22005,3892,1125,42392,7940,37729,12526,40117,15624,2930,20646,41066,41758,21166,11646,40768,44422,11458,1047,30118,18622,30212,2942,32532,26778,44973,7449,3722,4050,16885,2732,329,42516,27295,7564,36535,15219,42973,45450,8281,3812,11340,3514,6231,3364,36729,34037,27970,44160,3284,29673,22229,44546,44330,26735,2649,22996,37206,10793,39219,1454,36539,2486,24751,19424,34446,20879,28002,18755,36631,1598,24658,40172,37785,21918,42627,28579,15041,20497,26502,15236,20917,22344
Tiempos medidos: tiempoRelevance: 1669.952154, tiempoMrmr 310982.225180
Tiempos totales medidos: 312811.357021

39488,47293,32049,16414,35100,36147,13328,29330,29955,9282,26610,29538,30334,44130,3186,20848,258,14076,1540,29866,36520,19743,41092,7872,2665,4772,28424,14475,1975,43660,18368,3882,892,13877,27909,3206,23450,38909,14316,32332,27758,25720,24908,10949,30974,22494,31727,44747,8718
Tiempos medidos: tiempoRelevance: 1670.948029, tiempoMrmr 76984.930038
Tiempos totales medidos: 78811.132908

39488,47293,32049,16414,35100,36147,13328,29330,29955,9282,26610,29538,30334,44130,3186,20848,258,14076,1540,29866,36520,19743,41092,7872,2665,4772,28424,14475,1975,43660,18368,3882,892,13877,27909,3206,23450,38909,14316,32332,27758,25720,24908,10949,30974,22494,31727,44747,8718,3527,19540,39604,30445,40304,44164,12370,9292,12713,41608,33049,39322,9855,16914,31062,14090,11293,44534,12258,24313,42798,38784,17770,24087,24497,16936,44694,3134,46299,18839,17827,20359,17563,18713,31626,24774,43220,6684,38120,33035,16515,21791,7902,33661,28891,38605,41405,30175,29800,18873
Tiempos medidos: tiempoRelevance: 1670.060873, tiempoMrmr 153291.142941
Tiempos totales medidos: 155124.311924

39488,47293,32049,16414,35100,36147,13328,29330,29955,9282,26610,29538,30334,44130,3186,20848,258,14076,1540,29866,36520,19743,41092,7872,2665,4772,28424,14475,1975,43660,18368,3882,892,13877,27909,3206,23450,38909,14316,32332,27758,25720,24908,10949,30974,22494,31727,44747,8718,3527,19540,39604,30445,40304,44164,12370,9292,12713,41608,33049,39322,9855,16914,31062,14090,11293,44534,12258,24313,42798,38784,17770,24087,24497,16936,44694,3134,46299,18839,17827,20359,17563,18713,31626,24774,43220,6684,38120,33035,16515,21791,7902,33661,28891,38605,41405,30175,29800,18873,7920,16444,350,41083,362,9858,26388,20218,20152,22961,6007,17211,41031,1300,25086,23933,24274,22005,3892,1125,42392,7940,37729,12526,40117,15624,2930,20646,41066,41758,21166,11646,40768,44422,11458,1047,30118,18622,30212,2942,32532,26778,44973,7449,3722,4050,16885,2732,329,42516,27295,7564,36535,15219,42973,45450,8281,3812,11340,3514,6231,3364,36729,34037,27970,44160,3284,29673,22229,44546,44330,26735,2649,22996,37206,10793,39219,1454,36539,2486,24751,19424,34446,20879,28002,18755,36631,1598,24658,40172,37785,21918,42627,28579,15041,20497,26502,15236,20917,22344
Tiempos medidos: tiempoRelevance: 1670.571804, tiempoMrmr 310756.527901
Tiempos totales medidos: 312582.400799

