Si fallo aqui si
Inicio en 0 leo 632
0
67
33
75
168
98
105
107
14
53
38
213
69
52
107
37
97
84
112
35
71
194
59
197
26
31
35
11
135
38
28
214
0
67
33
75
168
98
105
107
14
53
38
213
69
52
107
37
97
84
112
35
71
194
59
197
26
31
35
11
135
38
28
214
VectInteres 255 1
Rawdata values 256
Proceso 0 inicio 0 suma 0
1 0.001091
130 1.928426
Tiempos medidos: tiempoRelevance: 1150.557041, tiempoMrmr 60529.877901
Tiempos totales medidos: 766969.932079
130,27,120,114,30,117,129,29,26,127,35,23,25,37,121,122,32,124,36,118,111,34,113,126,38,125,24,112,31,28,116,123,22,128,119,21,115,33,543,563,583,603,623,539,559,573,613,593,535,
Si fallo aqui si
Inicio en 0 leo 632
0
67
33
75
168
98
105
107
14
53
38
213
69
52
107
37
97
84
112
35
71
194
59
197
26
31
35
11
135
38
28
214
0
67
33
75
168
98
105
107
14
53
38
213
69
52
107
37
97
84
112
35
71
194
59
197
26
31
35
11
135
38
28
214
VectInteres 255 1
Rawdata values 256
Proceso 0 inicio 0 suma 0
1 0.001091
130 1.928426
Tiempos medidos: tiempoRelevance: 1167.585135, tiempoMrmr 121650.696039
Tiempos totales medidos: 3621604.722977
130,27,120,114,30,117,129,29,26,127,35,23,25,37,121,122,32,124,36,118,111,34,113,126,38,125,24,112,31,28,116,123,22,128,119,21,115,33,543,563,583,603,623,539,559,573,613,593,535,131,555,2,631,595,615,575,546,1,56,39,566,579,619,599,466,486,549,78,135,141,423,589,283,506,569,383,629,223,609,363,403,303,343,16,611,203,571,323,591,446,553,483,7,463,243,547,511,351,263,
Si fallo aqui si
Inicio en 0 leo 632
0
67
33
75
168
98
105
107
14
53
38
213
69
52
107
37
97
84
112
35
71
194
59
197
26
31
35
11
135
38
28
214
0
67
33
75
168
98
105
107
14
53
38
213
69
52
107
37
97
84
112
35
71
194
59
197
26
31
35
11
135
38
28
214
VectInteres 255 1
Rawdata values 256
Proceso 0 inicio 0 suma 0
1 0.001091
130 1.928426
Tiempos medidos: tiempoRelevance: 1157.241106, tiempoMrmr 228048.414946
Tiempos totales medidos: 3186619.807005
130,27,120,114,30,117,129,29,26,127,35,23,25,37,121,122,32,124,36,118,111,34,113,126,38,125,24,112,31,28,116,123,22,128,119,21,115,33,543,563,583,603,623,539,559,573,613,593,535,131,555,2,631,595,615,575,546,1,56,39,566,579,619,599,466,486,549,78,135,141,423,589,283,506,569,383,629,223,609,363,403,303,343,16,611,203,571,323,591,446,553,483,7,463,243,547,511,351,263,503,183,548,386,587,406,627,346,551,606,426,191,132,326,306,523,533,211,568,443,630,44,610,48,584,20,171,11,251,570,616,375,586,52,550,271,608,3,12,415,231,531,471,628,47,567,155,596,451,395,590,491,355,213,626,86,544,206,556,311,526,607,335,576,435,134,43,536,295,366,564,371,604,411,624,81,588,455,186,54,286,49,246,391,331,168,9,315,142,499,14,618,255,431,475,578,40,538,459,598,
Si fallo aqui si
Inicio en 0 leo 316
Si fallo aqui si
Inicio en 316 leo 316
0
67
33
75
168
98
105
107
14
53
38
213
69
52
107
37
97
84
112
35
71
194
59
197
26
31
35
11
135
38
28
214
0
67
33
75
168
98
105
107
14
53
38
213
69
52
107
37
97
84
112
35
71
194
59
197
26
31
35
11
135
38
28
214
VectInteres 255 1
Rawdata values 256
Proceso 0 inicio 0 suma 0
Rawdata values 256
Proceso 1 inicio 316 suma 0
1 0.001091
130 1.928426
Tiempos medidos: tiempoRelevance: 1154.976845, tiempoMrmr 62127.063036
Tiempos totales medidos: 818613.452911
130,27,120,114,30,117,129,29,26,127,35,23,25,37,121,122,32,124,36,118,111,34,113,126,38,125,24,112,31,28,116,123,22,128,119,21,115,33,543,563,583,603,623,539,559,573,613,593,535,

Si fallo aqui si
Inicio en 0 leo 316
Si fallo aqui si
Inicio en 316 leo 316
0
67
33
75
168
98
105
107
14
53
38
213
69
52
107
37
97
84
112
35
71
194
59
197
26
31
35
11
135
38
28
214
0
67
33
75
168
98
105
107
14
53
38
213
69
52
107
37
97
84
112
35
71
194
59
197
26
31
35
11
135
38
28
214
VectInteres 255 1
Rawdata values 256
Proceso 0 inicio 0 suma 0
Rawdata values 256
Proceso 1 inicio 316 suma 0
1 0.001091
130 1.928426
Tiempos medidos: tiempoRelevance: 1151.015997, tiempoMrmr 126611.458063
Tiempos totales medidos: 853139.838934
130,27,120,114,30,117,129,29,26,127,35,23,25,37,121,122,32,124,36,118,111,34,113,126,38,125,24,112,31,28,116,123,22,128,119,21,115,33,543,563,583,603,623,539,559,573,613,593,535,131,555,2,631,595,615,575,546,1,56,39,566,579,619,599,466,486,549,78,135,141,423,589,283,506,569,383,629,223,609,363,403,303,343,16,611,203,571,323,591,446,553,483,7,463,243,547,511,351,263,

Si fallo aqui si
Inicio en 0 leo 316
Si fallo aqui si
Inicio en 316 leo 316
0
67
33
75
168
98
105
107
14
53
38
213
69
52
107
37
97
84
112
35
71
194
59
197
26
31
35
11
135
38
28
214
0
67
33
75
168
98
105
107
14
53
38
213
69
52
107
37
97
84
112
35
71
194
59
197
26
31
35
11
135
38
28
214
VectInteres 255 1
Rawdata values 256
Proceso 1 inicio 316 suma 0
Rawdata values 256
Proceso 0 inicio 0 suma 0
1 0.001091
130 1.928426
Tiempos medidos: tiempoRelevance: 1153.206110, tiempoMrmr 244038.182974
Tiempos totales medidos: 622160.619020
130,27,120,114,30,117,129,29,26,127,35,23,25,37,121,122,32,124,36,118,111,34,113,126,38,125,24,112,31,28,116,123,22,128,119,21,115,33,543,563,583,603,623,539,559,573,613,593,535,131,555,2,631,595,615,575,546,1,56,39,566,579,619,599,466,486,549,78,135,141,423,589,283,506,569,383,629,223,609,363,403,303,343,16,611,203,571,323,591,446,553,483,7,463,243,547,511,351,263,503,183,548,386,587,406,627,346,551,606,426,191,132,326,306,523,533,211,568,443,630,44,610,48,584,20,171,11,251,570,616,375,586,52,550,271,608,3,12,415,231,531,471,628,47,567,155,596,451,395,590,491,355,213,626,86,544,206,556,311,526,607,335,576,435,134,43,536,295,366,564,371,604,411,624,81,588,455,186,54,286,49,246,391,331,168,9,315,142,499,14,618,255,431,475,578,40,538,459,598,

Si fallo aqui si
Si fallo aqui si
Inicio en 158 leo 158
Si fallo aqui si
Inicio en 316 leo 158
Si fallo aqui si
Inicio en 474 leo 158
Inicio en 0 leo 158
0
67
33
75
168
98
105
107
14
53
38
213
69
52
107
37
97
84
112
35
71
194
59
197
26
31
35
11
135
38
28
214
0
67
33
75
168
98
105
107
14
53
38
213
69
52
107
37
97
84
112
35
71
194
59
197
26
31
35
11
135
38
28
214
VectInteres 255 1
Rawdata values 256
Proceso 0 inicio 0 suma 0
Rawdata values 256
Proceso 3 inicio 474 suma 0
Rawdata values 256
Proceso 1 inicio 158 suma 0
Rawdata values 256
Proceso 2 inicio 316 suma 0
1 0.001091
130 1.928426
Tiempos medidos: tiempoRelevance: 1167.211056, tiempoMrmr 67213.301897
Tiempos totales medidos: 385383.194923
130,27,120,114,30,117,129,29,26,127,35,23,25,37,121,122,32,124,36,118,111,34,113,126,38,125,24,112,31,28,116,123,22,128,119,21,115,33,543,563,583,603,623,539,559,573,613,593,535,



Si fallo aqui si
Si fallo aqui si
Inicio en 474 leo 158
Si fallo aqui si
Inicio en 0 leo 158
Si fallo aqui si
Inicio en 158 leo 158
Inicio en 316 leo 158
0
67
33
75
168
98
105
107
14
53
38
213
69
52
107
37
97
84
112
35
71
194
59
197
26
31
35
11
135
38
28
214
0
67
33
75
168
98
105
107
14
53
38
213
69
52
107
37
97
84
112
35
71
194
59
197
26
31
35
11
135
38
28
214
VectInteres 255 1
Rawdata values 256
Proceso 1 inicio 158 suma 0
Rawdata values 256
Proceso 0 inicio 0 suma 0
Rawdata values 256
Proceso 3 inicio 474 suma 0
Rawdata values 256
Proceso 2 inicio 316 suma 0
1 0.001091
130 1.928426
Tiempos medidos: tiempoRelevance: 1164.791107, tiempoMrmr 141170.476913
Tiempos totales medidos: 472874.551058

130,27,120,114,30,117,129,29,26,127,35,23,25,37,121,122,32,124,36,118,111,34,113,126,38,125,24,112,31,28,116,123,22,128,119,21,115,33,543,563,583,603,623,539,559,573,613,593,535,131,555,2,631,595,615,575,546,1,56,39,566,579,619,599,466,486,549,78,135,141,423,589,283,506,569,383,629,223,609,363,403,303,343,16,611,203,571,323,591,446,553,483,7,463,243,547,511,351,263,


Si fallo aqui si
Si fallo aqui si
Inicio en 158 leo 158
Si fallo aqui si
Si fallo aqui si
Inicio en 474 leo 158
Inicio en 316 leo 158
Inicio en 0 leo 158
0
67
33
75
168
98
105
107
14
53
38
213
69
52
107
37
97
84
112
35
71
194
59
197
26
31
35
11
135
38
28
214
0
67
33
75
168
98
105
107
14
53
38
213
69
52
107
37
97
84
112
35
71
194
59
197
26
31
35
11
135
38
28
214
VectInteres 255 1
Rawdata values 256
Proceso 0 inicio 0 suma 0
Rawdata values 256
Proceso 2 inicio 316 suma 0
Rawdata values 256
Proceso 1 inicio 158 suma 0
Rawdata values 256
Proceso 3 inicio 474 suma 0
1 0.001091
130 1.928426
Tiempos medidos: tiempoRelevance: 1161.998034, tiempoMrmr 281705.145121
Tiempos totales medidos: 477818.984985

130,27,120,114,30,117,129,29,26,127,35,23,25,37,121,122,32,124,36,118,111,34,113,126,38,125,24,112,31,28,116,123,22,128,119,21,115,33,543,563,583,603,623,539,559,573,613,593,535,131,555,2,631,595,615,575,546,1,56,39,566,579,619,599,466,486,549,78,135,141,423,589,283,506,569,383,629,223,609,363,403,303,343,16,611,203,571,323,591,446,553,483,7,463,243,547,511,351,263,503,183,548,386,587,406,627,346,551,606,426,191,132,326,306,523,533,211,568,443,630,44,610,48,584,20,171,11,251,570,616,375,586,52,550,271,608,3,12,415,231,531,471,628,47,567,155,596,451,395,590,491,355,213,626,86,544,206,556,311,526,607,335,576,435,134,43,536,295,366,564,371,604,411,624,81,588,455,186,54,286,49,246,391,331,168,9,315,142,499,14,618,255,431,475,578,40,538,459,598,


Si fallo aqui si
Si fallo aqui si
Si fallo aqui si
Si fallo aqui si
Si fallo aqui si
Si fallo aqui si
Inicio en 212 leo 105
Inicio en 317 leo 105
Inicio en 422 leo 105
Inicio en 0 leo 106
Inicio en 527 leo 105
Inicio en 106 leo 106
0
67
33
75
168
98
105
107
14
53
38
213
69
52
107
37
97
84
112
35
71
194
59
197
26
31
35
11
135
38
28
214
0
67
33
75
168
98
105
107
14
53
38
213
69
52
107
37
97
84
112
35
71
194
59
197
26
31
35
11
135
38
28
214
VectInteres 255 1
Rawdata values 256
Proceso 5 inicio 527 suma 2
Rawdata values 256
Proceso 4 inicio 422 suma 2
Rawdata values 256
Proceso 2 inicio 212 suma 2
Rawdata values 256
Proceso 3 inicio 317 suma 2
Rawdata values 256
Proceso 0 inicio 0 suma 0
Rawdata values 256
Proceso 1 inicio 106 suma 1
130 1.928426
1 0.001091
Tiempos medidos: tiempoRelevance: 1193.135977, tiempoMrmr 67246.149063
Tiempos totales medidos: 282186.607838


130,27,120,114,30,117,129,29,26,127,35,23,25,37,121,122,32,124,36,118,111,34,113,126,38,125,24,112,31,28,116,123,22,128,119,21,115,33,543,563,583,603,623,539,559,573,613,593,535,



Si fallo aqui si
Si fallo aqui si
Si fallo aqui si
Si fallo aqui si
Si fallo aqui si
Si fallo aqui si
Inicio en 527 leo 105
Inicio en 0 leo 106
Inicio en 106 leo 106
Inicio en 212 leo 105
Inicio en 317 leo 105
Inicio en 422 leo 105
0
67
33
75
168
98
105
107
14
53
38
213
69
52
107
37
97
84
112
35
71
194
59
197
26
31
35
11
135
38
28
214
0
67
33
75
168
98
105
107
14
53
38
213
69
52
107
37
97
84
112
35
71
194
59
197
26
31
35
11
135
38
28
214
VectInteres 255 1
Rawdata values 256
Proceso 4 inicio 422 suma 2
Rawdata values 256
Proceso 1 inicio 106 suma 1
Rawdata values 256
Proceso 2 inicio 212 suma 2
Rawdata values 256
Proceso 3 inicio 317 suma 2
Rawdata values 256
Proceso 0 inicio 0 suma 0
Rawdata values 256
Proceso 5 inicio 527 suma 2
130 1.928426
1 0.001091
Tiempos medidos: tiempoRelevance: 1187.566996, tiempoMrmr 141821.926117
Tiempos totales medidos: 359105.069160


130,27,120,114,30,117,129,29,26,127,35,23,25,37,121,122,32,124,36,118,111,34,113,126,38,125,24,112,31,28,116,123,22,128,119,21,115,33,543,563,583,603,623,539,559,573,613,593,535,131,555,2,631,595,615,575,546,1,56,39,566,579,619,599,466,486,549,78,135,141,423,589,283,506,569,383,629,223,609,363,403,303,343,16,611,203,571,323,591,446,553,483,7,463,243,547,511,351,263,



Si fallo aqui si
Inicio en 422 leo 105
Si fallo aqui si
Inicio en 527 leo 105
Si fallo aqui si
Inicio en 0 leo 106
Si fallo aqui si
Inicio en 106 leo 106
Si fallo aqui si
Inicio en 212 leo 105
Si fallo aqui si
Inicio en 317 leo 105
0
67
33
75
168
98
105
107
14
53
38
213
69
52
107
37
97
84
112
35
71
194
59
197
26
31
35
11
135
38
28
214
0
67
33
75
168
98
105
107
14
53
38
213
69
52
107
37
97
84
112
35
71
194
59
197
26
31
35
11
135
38
28
214
VectInteres 255 1
Rawdata values 256
Proceso 1 inicio 106 suma 1
Rawdata values 256
Proceso 2 inicio 212 suma 2
Rawdata values 256
Proceso 4 inicio 422 suma 2
Rawdata values 256
Proceso 0 inicio 0 suma 0
Rawdata values 256
Proceso 5 inicio 527 suma 2
Rawdata values 256
Proceso 3 inicio 317 suma 2
130 1.928426
1 0.001091
Tiempos medidos: tiempoRelevance: 1180.248976, tiempoMrmr 281235.903978
Tiempos totales medidos: 495386.205912


130,27,120,114,30,117,129,29,26,127,35,23,25,37,121,122,32,124,36,118,111,34,113,126,38,125,24,112,31,28,116,123,22,128,119,21,115,33,543,563,583,603,623,539,559,573,613,593,535,131,555,2,631,595,615,575,546,1,56,39,566,579,619,599,466,486,549,78,135,141,423,589,283,506,569,383,629,223,609,363,403,303,343,16,611,203,571,323,591,446,553,483,7,463,243,547,511,351,263,503,183,548,386,587,406,627,346,551,606,426,191,132,326,306,523,533,211,568,443,630,44,610,48,584,20,171,11,251,570,616,375,586,52,550,271,608,3,12,415,231,531,471,628,47,567,155,596,451,395,590,491,355,213,626,86,544,206,556,311,526,607,335,576,435,134,43,536,295,366,564,371,604,411,624,81,588,455,186,54,286,49,246,391,331,168,9,315,142,499,14,618,255,431,475,578,40,538,459,598,



Si fallo aqui si
Si fallo aqui si
Si fallo aqui si
Si fallo aqui si
Si fallo aqui si
Si fallo aqui si
Si fallo aqui si
Si fallo aqui si
Si fallo aqui si
Si fallo aqui si
Si fallo aqui si
Si fallo aqui si
Inicio en 0 leo 53
Inicio en 53 leo 53
Inicio en 106 leo 53
Inicio en 159 leo 53
Inicio en 212 leo 53
Inicio en 265 leo 53
Inicio en 318 leo 53
Inicio en 371 leo 53
Inicio en 424 leo 52
Inicio en 476 leo 52
Inicio en 528 leo 52
Inicio en 580 leo 52
0
67
33
75
168
98
105
107
14
53
38
213
69
52
107
37
97
84
112
35
71
194
59
197
26
31
35
11
135
38
28
214
0
67
33
75
168
98
105
107
14
53
38
213
69
52
107
37
97
84
112
35
71
194
59
197
26
31
35
11
135
38
28
214
VectInteres 255 1
Rawdata values 256
Proceso 0 inicio 0 suma 0
Rawdata values 256
Proceso 10 inicio 528 suma 8
Rawdata values 256
Proceso 11 inicio 580 suma 8
Rawdata values 256
Proceso 1 inicio 53 suma 1
Rawdata values 256
Proceso 2 inicio 106 suma 2
Rawdata values 256
Proceso 3 inicio 159 suma 3
Rawdata values 256
Proceso 4 inicio 212 suma 4
Rawdata values 256
Proceso 5 inicio 265 suma 5
Rawdata values 256
Proceso 6 inicio 318 suma 6
Rawdata values 256
Proceso 7 inicio 371 suma 7
Rawdata values 256
Proceso 8 inicio 424 suma 8
Rawdata values 256
Proceso 9 inicio 476 suma 8
130 1.928426
1 0.001091
Tiempos medidos: tiempoRelevance: 1181.999922, tiempoMrmr 68375.777006
Tiempos totales medidos: 258300.709963





130,27,120,114,30,117,129,29,26,127,35,23,25,37,121,122,32,124,36,118,111,34,113,126,38,125,24,112,31,28,116,123,22,128,119,21,115,33,543,563,583,603,623,539,559,573,613,593,535,






Si fallo aqui si
Inicio en 53 leo 53
Si fallo aqui si
Inicio en 106 leo 53
Si fallo aqui si
Inicio en 159 leo 53
Si fallo aqui si
Inicio en 212 leo 53
Si fallo aqui si
Inicio en 265 leo 53
Si fallo aqui si
Inicio en 318 leo 53
Si fallo aqui si
Inicio en 371 leo 53
Si fallo aqui si
Inicio en 424 leo 52
Si fallo aqui si
Inicio en 476 leo 52
Si fallo aqui si
Inicio en 528 leo 52
Si fallo aqui si
Inicio en 580 leo 52
Si fallo aqui si
Inicio en 0 leo 53
0
67
33
75
168
98
105
107
14
53
38
213
69
52
107
37
97
84
112
35
71
194
59
197
26
31
35
11
135
38
28
214
0
67
33
75
168
98
105
107
14
53
38
213
69
52
107
37
97
84
112
35
71
194
59
197
26
31
35
11
135
38
28
214
VectInteres 255 1
Rawdata values 256
Proceso 0 inicio 0 suma 0
Rawdata values 256
Proceso 1 inicio 53 suma 1
Rawdata values 256
Proceso 2 inicio 106 suma 2
Rawdata values 256
Proceso 3 inicio 159 suma 3
Rawdata values 256
Proceso 4 inicio 212 suma 4
Rawdata values 256
Proceso 5 inicio 265 suma 5
Rawdata values 256
Proceso 11 inicio 580 suma 8
Rawdata values 256
Proceso 6 inicio 318 suma 6
Rawdata values 256
Proceso 7 inicio 371 suma 7
Rawdata values 256
Proceso 8 inicio 424 suma 8
Rawdata values 256
Proceso 9 inicio 476 suma 8
Rawdata values 256
Proceso 10 inicio 528 suma 8
130 1.928426
1 0.001091
Tiempos medidos: tiempoRelevance: 1178.771019, tiempoMrmr 143098.442078
Tiempos totales medidos: 346650.112867







130,27,120,114,30,117,129,29,26,127,35,23,25,37,121,122,32,124,36,118,111,34,113,126,38,125,24,112,31,28,116,123,22,128,119,21,115,33,543,563,583,603,623,539,559,573,613,593,535,131,555,2,631,595,615,575,546,1,56,39,566,579,619,599,466,486,549,78,135,141,423,589,283,506,569,383,629,223,609,363,403,303,343,16,611,203,571,323,591,446,553,483,7,463,243,547,511,351,263,




Si fallo aqui si
Si fallo aqui si
Inicio en 53 leo 53
Si fallo aqui si
Si fallo aqui si
Inicio en 159 leo 53
Si fallo aqui si
Inicio en 212 leo 53
Si fallo aqui si
Inicio en 265 leo 53
Si fallo aqui si
Inicio en 318 leo 53
Si fallo aqui si
Inicio en 371 leo 53
Si fallo aqui si
Inicio en 424 leo 52
Si fallo aqui si
Inicio en 476 leo 52
Si fallo aqui si
Inicio en 528 leo 52
Si fallo aqui si
Inicio en 580 leo 52
Inicio en 106 leo 53
Inicio en 0 leo 53
0
67
33
75
168
98
105
107
14
53
38
213
69
52
107
37
97
84
112
35
71
194
59
197
26
31
35
11
135
38
28
214
0
67
33
75
168
98
105
107
14
53
38
213
69
52
107
37
97
84
112
35
71
194
59
197
26
31
35
11
135
38
28
214
VectInteres 255 1
Rawdata values 256
Proceso 0 inicio 0 suma 0
Rawdata values 256
Proceso 2 inicio 106 suma 2
Rawdata values 256
Proceso 1 inicio 53 suma 1
Rawdata values 256
Proceso 3 inicio 159 suma 3
Rawdata values 256
Proceso 4 inicio 212 suma 4
Rawdata values 256
Proceso 5 inicio 265 suma 5
Rawdata values 256
Proceso 6 inicio 318 suma 6
Rawdata values 256
Proceso 7 inicio 371 suma 7
Rawdata values 256
Proceso 8 inicio 424 suma 8
Rawdata values 256
Proceso 9 inicio 476 suma 8
Rawdata values 256
Proceso 10 inicio 528 suma 8
Rawdata values 256
Proceso 11 inicio 580 suma 8
1 0.001091
130 1.928426
Tiempos medidos: tiempoRelevance: 1177.169085, tiempoMrmr 292729.869843
Tiempos totales medidos: 530029.581785








130,27,120,114,30,117,129,29,26,127,35,23,25,37,121,122,32,124,36,118,111,34,113,126,38,125,24,112,31,28,116,123,22,128,119,21,115,33,543,563,583,603,623,539,559,573,613,593,535,131,555,2,631,595,615,575,546,1,56,39,566,579,619,599,466,486,549,78,135,141,423,589,283,506,569,383,629,223,609,363,403,303,343,16,611,203,571,323,591,446,553,483,7,463,243,547,511,351,263,503,183,548,386,587,406,627,346,551,606,426,191,132,326,306,523,533,211,568,443,630,44,610,48,584,20,171,11,251,570,616,375,586,52,550,271,608,3,12,415,231,531,471,628,47,567,155,596,451,395,590,491,355,213,626,86,544,206,556,311,526,607,335,576,435,134,43,536,295,366,564,371,604,411,624,81,588,455,186,54,286,49,246,391,331,168,9,315,142,499,14,618,255,431,475,578,40,538,459,598,



Pues efectivamente fallo aqui
Get values 3
Process 1 Ranges 160 Datos 10
Process 2 Ranges 24 Datos 14
--------------------------------------------------------------------------
mpirun noticed that process rank 1 with PID 29061 on node c7052 exited on signal 11 (Segmentation fault).
--------------------------------------------------------------------------
Pues efectivamente fallo aqui
Get values 3
Process 1 Ranges 160 Datos 10
Process 2 Ranges 24 Datos 14
--------------------------------------------------------------------------
mpirun noticed that process rank 1 with PID 29229 on node c7052 exited on signal 11 (Segmentation fault).
--------------------------------------------------------------------------
Pues efectivamente fallo aqui
Get values 3
Process 1 Ranges 160 Datos 10
Process 2 Ranges 24 Datos 14
--------------------------------------------------------------------------
mpirun noticed that process rank 1 with PID 29339 on node c7052 exited on signal 11 (Segmentation fault).
--------------------------------------------------------------------------
