13,6677,11586,15838,31444,38113,38987,41391,45159
Tiempos medidos: tiempoRelevance: 3591.272831, tiempoMrmr 28553.708076

13,6677,11586,15838,31444,38113,38987,41391,45159
Tiempos medidos: tiempoRelevance: 4727.596998, tiempoMrmr 36094.221115

13,6677,11586,15838,31444,38113,38987,41391,45159
Tiempos medidos: tiempoRelevance: 4742.562056, tiempoMrmr 35983.850956

13,6677,11586,15838,31444,38113,38987,41391,45159
Tiempos medidos: tiempoRelevance: 4765.297890, tiempoMrmr 36228.344917

13,6677,11586,15838,31444,38113,38987,41391,45159
Tiempos medidos: tiempoRelevance: 4747.754097, tiempoMrmr 35983.438015

13,6677,11586,15838,31444,38113,38987,41391,45159
Tiempos medidos: tiempoRelevance: 4693.789959, tiempoMrmr 35815.752983

13,6677,11586,15838,31444,38113,38987,41391,45159
Tiempos medidos: tiempoRelevance: 4697.382927, tiempoMrmr 35897.092104

13,6677,11586,15838,31444,38113,38987,41391,45159
Tiempos medidos: tiempoRelevance: 4698.668957, tiempoMrmr 36054.395914

13,6677,11586,15838,31444,38113,38987,41391,45159
Tiempos medidos: tiempoRelevance: 4716.596127, tiempoMrmr 35872.781038

13,6677,11586,15838,31444,38113,38987,41391,45159
Tiempos medidos: tiempoRelevance: 4753.206015, tiempoMrmr 35972.410202

