1,2,322,4,1941,1115,5,19,6,33,7,184,8,10,11,808,12,13,55,14,15,908,1196,16,1395,1583,1903,17,229,18,20,277,21,25,377,27,428,28,29,460,30,31,32,34,35,36,37,38,39,40,41,42,43,44,46,47,48,49,50,51,52,53,54,56,58,59,60,61,64,65,66,67,68,69,70,71,72,74,75,76,77,79,80,81,82,83,84,85,86,87,89,90,91,92,93,94,95,96,97
Tiempos medidos: tiempoRelevance: 140.111923, tiempoMrmr 12430.253983

1,2,322,4,1941,1115,5,19,6,33,7,184,8,10,11,808,12,13,55,14,15,908,1196,16,1395,1583,1903,17,229,18,20,277,21,25,377,27,428,28,29,460,30,31,32,34,35,36,37,38,39,40,41,42,43,44,46,47,48,49,50,51,52,53,54,56,58,59,60,61,64,65,66,67,68,69,70,71,72,74,75,76,77,79,80,81,82,83,84,85,86,87,89,90,91,92,93,94,95,96,97
Tiempos medidos: tiempoRelevance: 129.338026, tiempoMrmr 12348.936081

1,2,322,4,1941,1115,5,19,6,33,7,184,8,10,11,808,12,13,55,14,15,908,1196,16,1395,1583,1903,17,229,18,20,277,21,25,377,27,428,28,29,460,30,31,32,34,35,36,37,38,39,40,41,42,43,44,46,47,48,49,50,51,52,53,54,56,58,59,60,61,64,65,66,67,68,69,70,71,72,74,75,76,77,79,80,81,82,83,84,85,86,87,89,90,91,92,93,94,95,96,97
Tiempos medidos: tiempoRelevance: 128.813028, tiempoMrmr 12306.744099

1,2,322,4,1941,1115,5,19,6,33,7,184,8,10,11,808,12,13,55,14,15,908,1196,16,1395,1583,1903,17,229,18,20,277,21,25,377,27,428,28,29,460,30,31,32,34,35,36,37,38,39,40,41,42,43,44,46,47,48,49,50,51,52,53,54,56,58,59,60,61,64,65,66,67,68,69,70,71,72,74,75,76,77,79,80,81,82,83,84,85,86,87,89,90,91,92,93,94,95,96,97
Tiempos medidos: tiempoRelevance: 127.869129, tiempoMrmr 12194.447994

1,2,322,4,1941,1115,5,19,6,33,7,184,8,10,11,808,12,13,55,14,15,908,1196,16,1395,1583,1903,17,229,18,20,277,21,25,377,27,428,28,29,460,30,31,32,34,35,36,37,38,39,40,41,42,43,44,46,47,48,49,50,51,52,53,54,56,58,59,60,61,64,65,66,67,68,69,70,71,72,74,75,76,77,79,80,81,82,83,84,85,86,87,89,90,91,92,93,94,95,96,97
Tiempos medidos: tiempoRelevance: 128.727913, tiempoMrmr 12254.813910

1,2,322,4,1941,1115,5,19,6,33,7,184,8,10,11,808,12,13,55,14,15,908,1196,16,1395,1583,1903,17,229,18,20,277,21,25,377,27,428,28,29,460,30,31,32,34,35,36,37,38,39,40,41,42,43,44,46,47,48,49,50,51,52,53,54,56,58,59,60,61,64,65,66,67,68,69,70,71,72,74,75,76,77,79,80,81,82,83,84,85,86,87,89,90,91,92,93,94,95,96,97
Tiempos medidos: tiempoRelevance: 128.360033, tiempoMrmr 12310.841084

1,2,322,4,1941,1115,5,19,6,33,7,184,8,10,11,808,12,13,55,14,15,908,1196,16,1395,1583,1903,17,229,18,20,277,21,25,377,27,428,28,29,460,30,31,32,34,35,36,37,38,39,40,41,42,43,44,46,47,48,49,50,51,52,53,54,56,58,59,60,61,64,65,66,67,68,69,70,71,72,74,75,76,77,79,80,81,82,83,84,85,86,87,89,90,91,92,93,94,95,96,97
Tiempos medidos: tiempoRelevance: 131.536007, tiempoMrmr 12408.073902

1,2,322,4,1941,1115,5,19,6,33,7,184,8,10,11,808,12,13,55,14,15,908,1196,16,1395,1583,1903,17,229,18,20,277,21,25,377,27,428,28,29,460,30,31,32,34,35,36,37,38,39,40,41,42,43,44,46,47,48,49,50,51,52,53,54,56,58,59,60,61,64,65,66,67,68,69,70,71,72,74,75,76,77,79,80,81,82,83,84,85,86,87,89,90,91,92,93,94,95,96,97
Tiempos medidos: tiempoRelevance: 128.659010, tiempoMrmr 12535.515070

1,2,322,4,1941,1115,5,19,6,33,7,184,8,10,11,808,12,13,55,14,15,908,1196,16,1395,1583,1903,17,229,18,20,277,21,25,377,27,428,28,29,460,30,31,32,34,35,36,37,38,39,40,41,42,43,44,46,47,48,49,50,51,52,53,54,56,58,59,60,61,64,65,66,67,68,69,70,71,72,74,75,76,77,79,80,81,82,83,84,85,86,87,89,90,91,92,93,94,95,96,97
Tiempos medidos: tiempoRelevance: 129.117966, tiempoMrmr 12388.645887

1,2,322,4,1941,1115,5,19,6,33,7,184,8,10,11,808,12,13,55,14,15,908,1196,16,1395,1583,1903,17,229,18,20,277,21,25,377,27,428,28,29,460,30,31,32,34,35,36,37,38,39,40,41,42,43,44,46,47,48,49,50,51,52,53,54,56,58,59,60,61,64,65,66,67,68,69,70,71,72,74,75,76,77,79,80,81,82,83,84,85,86,87,89,90,91,92,93,94,95,96,97
Tiempos medidos: tiempoRelevance: 132.612944, tiempoMrmr 12325.047016

